filename, server, serverIP, doclength, concurrency, time, compreq, failreq, tottran, htmltran, reqpersec, timeperreqall, timeperreq, transrate, type
micro1_apache2_c_10, Apache/2.4.7, 54.186.41.160, 11510, 10, 8.204, 10000, 0, 117830000, 115100000, 1218.92, 8.204, 0.820, 14025.93, micro1
micro1_apache2_c_100, Apache/2.4.7, 54.186.41.160, 11510, 100, 7.224, 10000, 0, 117830000, 115100000, 1384.20, 72.244, 0.722, 15927.71, micro1
micro1_apache2_c_1000, Apache/2.4.7, 54.186.41.160, 11510, 1000, 21.679, 10000, 0, 117830000, 115100000, 461.27, 2167.910, 2.168, 5307.80, micro1
micro1_apache2_c_110, Apache/2.4.7, 54.186.41.160, 11510, 110, 7.708, 10000, 0, 117830000, 115100000, 1297.42, 84.783, 0.771, 14929.25, micro1
micro1_apache2_c_120, Apache/2.4.7, 54.186.41.160, 11510, 120, 8.957, 10000, 0, 117830000, 115100000, 1116.49, 107.480, 0.896, 12847.25, micro1
micro1_apache2_c_130, Apache/2.4.7, 54.186.41.160, 11510, 130, 8.118, 10000, 0, 117830000, 115100000, 1231.81, 105.535, 0.812, 14174.27, micro1
micro1_apache2_c_140, Apache/2.4.7, 54.186.41.160, 11510, 140, 8.176, 10000, 0, 117830000, 115100000, 1223.05, 114.468, 0.818, 14073.39, micro1
micro1_apache2_c_150, Apache/2.4.7, 54.186.41.160, 11510, 150, 9.829, 10000, 0, 117830000, 115100000, 1017.44, 147.429, 0.983, 11707.52, micro1
micro1_apache2_c_160, Apache/2.4.7, 54.186.41.160, 11510, 160, 9.965, 10000, 0, 117830000, 115100000, 1003.52, 159.439, 0.996, 11547.32, micro1
micro1_apache2_c_170, Apache/2.4.7, 54.186.41.160, 11510, 170, 9.551, 10000, 0, 117830000, 115100000, 1047.02, 162.366, 0.955, 12047.85, micro1
micro1_apache2_c_180, Apache/2.4.7, 54.186.41.160, 11510, 180, 8.446, 10000, 0, 117830000, 115100000, 1183.99, 152.028, 0.845, 13623.98, micro1
micro1_apache2_c_190, Apache/2.4.7, 54.186.41.160, 11510, 190, 8.053, 10000, 0, 117830000, 115100000, 1241.74, 153.011, 0.805, 14288.55, micro1
micro1_apache2_c_20, Apache/2.4.7, 54.186.41.160, 11510, 20, 8.031, 10000, 0, 117830000, 115100000, 1245.12, 16.063, 0.803, 14327.35, micro1
micro1_apache2_c_200, Apache/2.4.7, 54.186.41.160, 11510, 200, 7.956, 10000, 0, 117830000, 115100000, 1256.86, 159.127, 0.796, 14462.47, micro1
micro1_apache2_c_210, Apache/2.4.7, 54.186.41.160, 11510, 210, 9.199, 10000, 0, 117830000, 115100000, 1087.04, 193.185, 0.920, 12508.38, micro1
micro1_apache2_c_220, Apache/2.4.7, 54.186.41.160, 11510, 220, 8.823, 10000, 0, 117830000, 115100000, 1133.40, 194.107, 0.882, 13041.83, micro1
micro1_apache2_c_230, Apache/2.4.7, 54.186.41.160, 11510, 230, 8.520, 10000, 0, 117830000, 115100000, 1173.70, 195.961, 0.852, 13505.58, micro1
micro1_apache2_c_240, Apache/2.4.7, 54.186.41.160, 11510, 240, 8.532, 10000, 0, 117830000, 115100000, 1172.04, 204.771, 0.853, 13486.46, micro1
micro1_apache2_c_250, Apache/2.4.7, 54.186.41.160, 11510, 250, 8.492, 10000, 0, 117830000, 115100000, 1177.56, 212.303, 0.849, 13550.03, micro1
micro1_apache2_c_260, Apache/2.4.7, 54.186.41.160, 11510, 260, 8.246, 10000, 0, 117830000, 115100000, 1212.70, 214.398, 0.825, 13954.33, micro1
micro1_apache2_c_270, Apache/2.4.7, 54.186.41.160, 11510, 270, 8.379, 10000, 0, 117830000, 115100000, 1193.46, 226.232, 0.838, 13732.99, micro1
micro1_apache2_c_280, Apache/2.4.7, 54.186.41.160, 11510, 280, 8.318, 10000, 0, 117830000, 115100000, 1202.19, 232.908, 0.832, 13833.42, micro1
micro1_apache2_c_290, Apache/2.4.7, 54.186.41.160, 11510, 290, 8.682, 10000, 0, 117830000, 115100000, 1151.80, 251.779, 0.868, 13253.59, micro1
micro1_apache2_c_30, Apache/2.4.7, 54.186.41.160, 11510, 30, 7.957, 10000, 0, 117830000, 115100000, 1256.77, 23.871, 0.796, 14461.44, micro1
micro1_apache2_c_300, Apache/2.4.7, 54.186.41.160, 11510, 300, 8.627, 10000, 0, 117830000, 115100000, 1159.10, 258.820, 0.863, 13337.63, micro1
micro1_apache2_c_310, Apache/2.4.7, 54.186.41.160, 11510, 310, 8.333, 10000, 0, 117830000, 115100000, 1200.05, 258.324, 0.833, 13808.73, micro1
micro1_apache2_c_320, Apache/2.4.7, 54.186.41.160, 11510, 320, 8.278, 10000, 0, 117830000, 115100000, 1208.07, 264.886, 0.828, 13901.03, micro1
micro1_apache2_c_330, Apache/2.4.7, 54.186.41.160, 11510, 330, 7.629, 10000, 0, 117830000, 115100000, 1310.73, 251.769, 0.763, 15082.30, micro1
micro1_apache2_c_340, Apache/2.4.7, 54.186.41.160, 11510, 340, 6.877, 10000, 0, 117830000, 115100000, 1454.21, 233.804, 0.688, 16733.36, micro1
micro1_apache2_c_350, Apache/2.4.7, 54.186.41.160, 11510, 350, 6.994, 10000, 0, 117830000, 115100000, 1429.73, 244.801, 0.699, 16451.72, micro1
micro1_apache2_c_360, Apache/2.4.7, 54.186.41.160, 11510, 360, 6.889, 10000, 0, 117830000, 115100000, 1451.50, 248.019, 0.689, 16702.21, micro1
micro1_apache2_c_370, Apache/2.4.7, 54.186.41.160, 11510, 370, 7.811, 10000, 0, 117830000, 115100000, 1280.19, 289.020, 0.781, 14730.89, micro1
micro1_apache2_c_380, Apache/2.4.7, 54.186.41.160, 11510, 380, 8.205, 10000, 0, 117830000, 115100000, 1218.71, 311.804, 0.821, 14023.54, micro1
micro1_apache2_c_390, Apache/2.4.7, 54.186.41.160, 11510, 390, 8.746, 10000, 0, 117830000, 115100000, 1143.41, 341.084, 0.875, 13157.08, micro1
micro1_apache2_c_40, Apache/2.4.7, 54.186.41.160, 11510, 40, 8.348, 10000, 0, 117830000, 115100000, 1197.84, 33.394, 0.835, 13783.30, micro1
micro1_apache2_c_400, Apache/2.4.7, 54.186.41.160, 11510, 400, 8.654, 10000, 0, 117830000, 115100000, 1155.47, 346.180, 0.865, 13295.79, micro1
micro1_apache2_c_410, Apache/2.4.7, 54.186.41.160, 11510, 410, 8.425, 10000, 0, 117830000, 115100000, 1186.89, 345.442, 0.843, 13657.29, micro1
micro1_apache2_c_420, Apache/2.4.7, 54.186.41.160, 11510, 420, 8.689, 10000, 0, 117830000, 115100000, 1150.94, 364.918, 0.869, 13243.73, micro1
micro1_apache2_c_430, Apache/2.4.7, 54.186.41.160, 11510, 430, 8.367, 10000, 0, 117830000, 115100000, 1195.17, 359.782, 0.837, 13752.61, micro1
micro1_apache2_c_440, Apache/2.4.7, 54.186.41.160, 11510, 440, 10.595, 10000, 0, 117830000, 115100000, 943.89, 466.158, 1.059, 10861.14, micro1
micro1_apache2_c_450, Apache/2.4.7, 54.186.41.160, 11510, 450, 8.694, 10000, 0, 117830000, 115100000, 1150.20, 391.238, 0.869, 13235.12, micro1
micro1_apache2_c_460, Apache/2.4.7, 54.186.41.160, 11510, 460, 9.200, 10000, 0, 117830000, 115100000, 1087.00, 423.183, 0.920, 12507.93, micro1
micro1_apache2_c_470, Apache/2.4.7, 54.186.41.160, 11510, 470, 8.202, 10000, 0, 117830000, 115100000, 1219.22, 385.492, 0.820, 14029.38, micro1
micro1_apache2_c_480, Apache/2.4.7, 54.186.41.160, 11510, 480, 7.297, 10000, 0, 117830000, 115100000, 1370.52, 350.233, 0.730, 15770.31, micro1
micro1_apache2_c_490, Apache/2.4.7, 54.186.41.160, 11510, 490, 8.417, 10000, 0, 117830000, 115100000, 1188.14, 412.411, 0.842, 13671.69, micro1
micro1_apache2_c_50, Apache/2.4.7, 54.186.41.160, 11510, 50, 8.094, 10000, 0, 117830000, 115100000, 1235.47, 40.470, 0.809, 14216.38, micro1
micro1_apache2_c_500, Apache/2.4.7, 54.186.41.160, 11510, 500, 8.415, 10000, 0, 117830000, 115100000, 1188.37, 420.746, 0.841, 13674.33, micro1
micro1_apache2_c_510, Apache/2.4.7, 54.186.41.160, 11510, 510, 8.261, 10000, 0, 117830000, 115100000, 1210.56, 421.292, 0.826, 13929.74, micro1
micro1_apache2_c_520, Apache/2.4.7, 54.186.41.160, 11510, 520, 8.250, 10000, 0, 117830000, 115100000, 1212.06, 429.022, 0.825, 13946.98, micro1
micro1_apache2_c_530, Apache/2.4.7, 54.186.41.160, 11510, 530, 7.771, 10000, 0, 117830000, 115100000, 1286.85, 411.859, 0.777, 14807.55, micro1
micro1_apache2_c_540, Apache/2.4.7, 54.186.41.160, 11510, 540, 7.645, 10000, 0, 117830000, 115100000, 1308.05, 412.829, 0.764, 15051.49, micro1
micro1_apache2_c_550, Apache/2.4.7, 54.186.41.160, 11510, 550, 7.250, 10000, 0, 117830000, 115100000, 1379.38, 398.731, 0.725, 15872.26, micro1
micro1_apache2_c_560, Apache/2.4.7, 54.186.41.160, 11510, 560, 8.173, 10000, 0, 117830000, 115100000, 1223.58, 457.672, 0.817, 14079.58, micro1
micro1_apache2_c_570, Apache/2.4.7, 54.186.41.160, 11510, 570, 9.073, 10000, 0, 117830000, 115100000, 1102.19, 517.153, 0.907, 12682.70, micro1
micro1_apache2_c_580, Apache/2.4.7, 54.186.41.160, 11510, 580, 10.162, 10000, 0, 117830000, 115100000, 984.07, 589.388, 1.016, 11323.55, micro1
micro1_apache2_c_590, Apache/2.4.7, 54.186.41.160, 11510, 590, 10.262, 10000, 0, 117830000, 115100000, 974.43, 605.482, 1.026, 11212.61, micro1
micro1_apache2_c_60, Apache/2.4.7, 54.186.41.160, 11510, 60, 8.152, 10000, 0, 117830000, 115100000, 1226.62, 48.915, 0.815, 14114.52, micro1
micro1_apache2_c_600, Apache/2.4.7, 54.186.41.160, 11510, 600, 9.617, 10000, 0, 117830000, 115100000, 1039.82, 577.023, 0.962, 11965.05, micro1
micro1_apache2_c_610, Apache/2.4.7, 54.186.41.160, 11510, 610, 9.486, 10000, 0, 117830000, 115100000, 1054.22, 578.629, 0.949, 12130.70, micro1
micro1_apache2_c_620, Apache/2.4.7, 54.186.41.160, 11510, 620, 9.389, 10000, 0, 117830000, 115100000, 1065.04, 582.136, 0.939, 12255.28, micro1
micro1_apache2_c_630, Apache/2.4.7, 54.186.41.160, 11510, 630, 10.706, 10000, 0, 117830000, 115100000, 934.08, 674.464, 1.071, 10748.26, micro1
micro1_apache2_c_640, Apache/2.4.7, 54.186.41.160, 11510, 640, 9.761, 10000, 0, 117830000, 115100000, 1024.46, 624.720, 0.976, 11788.28, micro1
micro1_apache2_c_650, Apache/2.4.7, 54.186.41.160, 11510, 650, 8.559, 10000, 0, 117830000, 115100000, 1168.33, 556.348, 0.856, 13443.81, micro1
micro1_apache2_c_660, Apache/2.4.7, 54.186.41.160, 11510, 660, 11.080, 10000, 0, 117830000, 115100000, 902.55, 731.263, 1.108, 10385.47, micro1
micro1_apache2_c_670, Apache/2.4.7, 54.186.41.160, 11510, 670, 9.586, 10000, 0, 117830000, 115100000, 1043.19, 642.258, 0.959, 12003.87, micro1
micro1_apache2_c_680, Apache/2.4.7, 54.186.41.160, 11510, 680, 8.824, 10000, 0, 117830000, 115100000, 1133.23, 600.056, 0.882, 13039.86, micro1
micro1_apache2_c_690, Apache/2.4.7, 54.186.41.160, 11510, 690, 9.008, 10000, 0, 117830000, 115100000, 1110.11, 621.561, 0.901, 12773.84, micro1
micro1_apache2_c_70, Apache/2.4.7, 54.186.41.160, 11510, 70, 8.529, 10000, 0, 117830000, 115100000, 1172.43, 59.705, 0.853, 13490.98, micro1
micro1_apache2_c_700, Apache/2.4.7, 54.186.41.160, 11510, 700, 10.918, 10000, 0, 117830000, 115100000, 915.88, 764.292, 1.092, 10538.89, micro1
micro1_apache2_c_710, Apache/2.4.7, 54.186.41.160, 11510, 710, 10.478, 10000, 0, 117830000, 115100000, 954.41, 743.915, 1.048, 10982.24, micro1
micro1_apache2_c_720, Apache/2.4.7, 54.186.41.160, 11510, 720, 10.971, 10000, 0, 117830000, 115100000, 911.52, 789.893, 1.097, 10488.66, micro1
micro1_apache2_c_730, Apache/2.4.7, 54.186.41.160, 11510, 730, 10.610, 10000, 0, 117830000, 115100000, 942.46, 774.566, 1.061, 10844.78, micro1
micro1_apache2_c_740, Apache/2.4.7, 54.186.41.160, 11510, 740, 11.995, 10000, 0, 117830000, 115100000, 833.66, 887.649, 1.200, 9592.82, micro1
micro1_apache2_c_750, Apache/2.4.7, 54.186.41.160, 11510, 750, 10.378, 10000, 0, 117830000, 115100000, 963.55, 778.368, 1.038, 11087.46, micro1
micro1_apache2_c_760, Apache/2.4.7, 54.186.41.160, 11510, 760, 11.249, 10000, 0, 117830000, 115100000, 888.97, 854.921, 1.125, 10229.24, micro1
micro1_apache2_c_770, Apache/2.4.7, 54.186.41.160, 11510, 770, 9.271, 10000, 0, 117830000, 115100000, 1078.67, 713.842, 0.927, 12412.08, micro1
micro1_apache2_c_780, Apache/2.4.7, 54.186.41.160, 11510, 780, 9.212, 10000, 0, 117830000, 115100000, 1085.53, 718.542, 0.921, 12491.03, micro1
micro1_apache2_c_790, Apache/2.4.7, 54.186.41.160, 11510, 790, 13.132, 10000, 0, 117830000, 115100000, 761.49, 1037.438, 1.313, 8762.35, micro1
micro1_apache2_c_80, Apache/2.4.7, 54.186.41.160, 11510, 80, 9.172, 10000, 0, 117830000, 115100000, 1090.30, 73.374, 0.917, 12545.89, micro1
micro1_apache2_c_800, Apache/2.4.7, 54.186.41.160, 11510, 800, 14.133, 10000, 0, 117830000, 115100000, 707.56, 1130.639, 1.413, 8141.83, micro1
micro1_apache2_c_810, Apache/2.4.7, 54.186.41.160, 11510, 810, 21.025, 10000, 0, 117830000, 115100000, 475.63, 1703.009, 2.102, 5472.98, micro1
micro1_apache2_c_820, Apache/2.4.7, 54.186.41.160, 11510, 820, 36.075, 10000, 0, 117830000, 115100000, 277.20, 2958.118, 3.607, 3189.73, micro1
micro1_apache2_c_890, Apache/2.4.7, 54.186.41.160, 11510, 890, 13.302, 10000, 0, 117830000, 115100000, 751.77, 1183.877, 1.330, 8650.46, micro1
micro1_apache2_c_90, Apache/2.4.7, 54.186.41.160, 11510, 90, 7.829, 10000, 0, 117830000, 115100000, 1277.35, 70.458, 0.783, 14698.27, micro1
micro1_apache2_c_900, Apache/2.4.7, 54.186.41.160, 11510, 900, 16.302, 10000, 0, 117830000, 115100000, 613.42, 1467.185, 1.630, 7058.52, micro1
micro1_apache2_c_910, Apache/2.4.7, 54.186.41.160, 11510, 910, 21.673, 10000, 0, 117830000, 115100000, 461.40, 1972.268, 2.167, 5309.23, micro1
micro1_apache2_c_920, Apache/2.4.7, 54.186.41.160, 11510, 920, 12.230, 10000, 0, 117830000, 115100000, 817.68, 1125.135, 1.223, 9408.91, micro1
micro1_apache2_c_930, Apache/2.4.7, 54.186.41.160, 11510, 930, 13.215, 10000, 0, 117830000, 115100000, 756.70, 1229.015, 1.322, 8707.26, micro1
micro1_apache2_c_940, Apache/2.4.7, 54.186.41.160, 11510, 940, 11.697, 10000, 0, 117830000, 115100000, 854.94, 1099.493, 1.170, 9837.65, micro1
micro1_apache2_c_950, Apache/2.4.7, 54.186.41.160, 11510, 950, 23.932, 10000, 0, 117830000, 115100000, 417.84, 2273.584, 2.393, 4808.04, micro1
micro1_apache2_c_990, Apache/2.4.7, 54.186.41.160, 11510, 990, 19.492, 10000, 0, 117830000, 115100000, 513.03, 1929.729, 1.949, 5903.30, micro1
micro1_lighttpd_c_10, lighttpd/1.4.33, 54.186.41.160, 3568, 1, 15.080, 1000, 0, 3826000, 3568000, 66.31, 15.080, 15.080, 247.76, micro1
micro1_lighttpd_c_100, lighttpd/1.4.33, 54.186.41.160, 3568, 10, 3.432, 1000, 0, 3826000, 3568000, 291.38, 34.320, 3.432, 1088.68, micro1
micro1_lighttpd_c_1000, lighttpd/1.4.33, 54.186.41.160, 3568, 100, 2.495, 1000, 0, 3826000, 3568000, 400.74, 249.537, 2.495, 1497.31, micro1
micro1_lighttpd_c_110, lighttpd/1.4.33, 54.186.41.160, 3568, 11, 17.498, 1000, 0, 3826000, 3568000, 57.15, 192.479, 17.498, 213.53, micro1
micro1_lighttpd_c_120, lighttpd/1.4.33, 54.186.41.160, 3568, 12, 2.663, 1000, 0, 3826000, 3568000, 375.47, 31.960, 2.663, 1402.88, micro1
micro1_lighttpd_c_130, lighttpd/1.4.33, 54.186.41.160, 3568, 13, 2.777, 1000, 0, 3826000, 3568000, 360.14, 36.097, 2.777, 1345.61, micro1
micro1_lighttpd_c_140, lighttpd/1.4.33, 54.186.41.160, 3568, 14, 1.812, 1000, 0, 3826000, 3568000, 552.03, 25.361, 1.812, 2062.55, micro1
micro1_lighttpd_c_150, lighttpd/1.4.33, 54.186.41.160, 3568, 15, 9.937, 1000, 0, 3826000, 3568000, 100.64, 149.052, 9.937, 376.01, micro1
micro1_lighttpd_c_160, lighttpd/1.4.33, 54.186.41.160, 3568, 16, 1.660, 1000, 0, 3826000, 3568000, 602.44, 26.559, 1.660, 2250.90, micro1
micro1_lighttpd_c_170, lighttpd/1.4.33, 54.186.41.160, 3568, 17, 2.395, 1000, 0, 3826000, 3568000, 417.49, 40.719, 2.395, 1559.89, micro1
micro1_lighttpd_c_180, lighttpd/1.4.33, 54.186.41.160, 3568, 18, 1.860, 1000, 0, 3826000, 3568000, 537.56, 33.484, 1.860, 2008.52, micro1
micro1_lighttpd_c_190, lighttpd/1.4.33, 54.186.41.160, 3568, 19, 1.901, 1000, 0, 3826000, 3568000, 525.98, 36.123, 1.901, 1965.24, micro1
micro1_lighttpd_c_20, lighttpd/1.4.33, 54.186.41.160, 3568, 2, 2.183, 1000, 0, 3826000, 3568000, 458.03, 4.367, 2.183, 1711.36, micro1
micro1_lighttpd_c_200, lighttpd/1.4.33, 54.186.41.160, 3568, 20, 1.735, 1000, 0, 3826000, 3568000, 576.51, 34.691, 1.735, 2154.04, micro1
micro1_lighttpd_c_210, lighttpd/1.4.33, 54.186.41.160, 3568, 21, 2.105, 1000, 0, 3826000, 3568000, 475.05, 44.206, 2.105, 1774.95, micro1
micro1_lighttpd_c_220, lighttpd/1.4.33, 54.186.41.160, 3568, 22, 1.251, 1000, 0, 3826000, 3568000, 799.42, 27.520, 1.251, 2986.89, micro1
micro1_lighttpd_c_230, lighttpd/1.4.33, 54.186.41.160, 3568, 23, 1.332, 1000, 0, 3826000, 3568000, 750.88, 30.631, 1.332, 2805.52, micro1
micro1_lighttpd_c_240, lighttpd/1.4.33, 54.186.41.160, 3568, 24, 1.727, 1000, 0, 3826000, 3568000, 579.17, 41.439, 1.727, 2163.95, micro1
micro1_lighttpd_c_250, lighttpd/1.4.33, 54.186.41.160, 3568, 25, 4.510, 1000, 0, 3826000, 3568000, 221.73, 112.749, 4.510, 828.46, micro1
micro1_lighttpd_c_260, lighttpd/1.4.33, 54.186.41.160, 3568, 26, 1.742, 1000, 0, 3826000, 3568000, 573.96, 45.300, 1.742, 2144.49, micro1
micro1_lighttpd_c_270, lighttpd/1.4.33, 54.186.41.160, 3568, 27, 2.001, 1000, 0, 3826000, 3568000, 499.75, 54.028, 2.001, 1867.21, micro1
micro1_lighttpd_c_280, lighttpd/1.4.33, 54.186.41.160, 3568, 28, 15.427, 1000, 0, 3826000, 3568000, 64.82, 431.943, 15.427, 242.20, micro1
micro1_lighttpd_c_290, lighttpd/1.4.33, 54.186.41.160, 3568, 29, 1.747, 1000, 0, 3826000, 3568000, 572.34, 50.670, 1.747, 2138.44, micro1
micro1_lighttpd_c_30, lighttpd/1.4.33, 54.186.41.160, 3568, 3, 2.177, 1000, 0, 3826000, 3568000, 459.32, 6.531, 2.177, 1716.16, micro1
micro1_lighttpd_c_300, lighttpd/1.4.33, 54.186.41.160, 3568, 30, 2.744, 1000, 0, 3826000, 3568000, 364.43, 82.321, 2.744, 1361.62, micro1
micro1_lighttpd_c_310, lighttpd/1.4.33, 54.186.41.160, 3568, 31, 1.463, 1000, 0, 3826000, 3568000, 683.56, 45.351, 1.463, 2553.99, micro1
micro1_lighttpd_c_320, lighttpd/1.4.33, 54.186.41.160, 3568, 32, 1.737, 1000, 0, 3826000, 3568000, 575.76, 55.579, 1.737, 2151.21, micro1
micro1_lighttpd_c_330, lighttpd/1.4.33, 54.186.41.160, 3568, 33, 1.724, 1000, 0, 3826000, 3568000, 579.92, 56.904, 1.724, 2166.79, micro1
micro1_lighttpd_c_340, lighttpd/1.4.33, 54.186.41.160, 3568, 34, 5.764, 1000, 0, 3826000, 3568000, 173.49, 195.982, 5.764, 648.20, micro1
micro1_lighttpd_c_350, lighttpd/1.4.33, 54.186.41.160, 3568, 35, 1.963, 1000, 0, 3826000, 3568000, 509.43, 68.705, 1.963, 1903.39, micro1
micro1_lighttpd_c_360, lighttpd/1.4.33, 54.186.41.160, 3568, 36, 4.335, 1000, 0, 3826000, 3568000, 230.68, 156.057, 4.335, 861.91, micro1
micro1_lighttpd_c_370, lighttpd/1.4.33, 54.186.41.160, 3568, 37, 4.152, 1000, 0, 3826000, 3568000, 240.86, 153.617, 4.152, 899.93, micro1
micro1_lighttpd_c_380, lighttpd/1.4.33, 54.186.41.160, 3568, 38, 1.551, 1000, 0, 3826000, 3568000, 644.89, 58.924, 1.551, 2409.53, micro1
micro1_lighttpd_c_390, lighttpd/1.4.33, 54.186.41.160, 3568, 39, 2.748, 1000, 0, 3826000, 3568000, 363.96, 107.154, 2.748, 1359.89, micro1
micro1_lighttpd_c_40, lighttpd/1.4.33, 54.186.41.160, 3568, 4, 13.845, 1000, 0, 3826000, 3568000, 72.23, 55.381, 13.845, 269.86, micro1
micro1_lighttpd_c_400, lighttpd/1.4.33, 54.186.41.160, 3568, 40, 1.804, 1000, 0, 3826000, 3568000, 554.20, 72.176, 1.804, 2070.69, micro1
micro1_lighttpd_c_410, lighttpd/1.4.33, 54.186.41.160, 3568, 41, 1.878, 1000, 0, 3826000, 3568000, 532.53, 76.992, 1.878, 1989.69, micro1
micro1_lighttpd_c_420, lighttpd/1.4.33, 54.186.41.160, 3568, 42, 1.924, 1000, 0, 3826000, 3568000, 519.73, 80.811, 1.924, 1941.88, micro1
micro1_lighttpd_c_430, lighttpd/1.4.33, 54.186.41.160, 3568, 43, 2.589, 1000, 0, 3826000, 3568000, 386.20, 111.340, 2.589, 1442.99, micro1
micro1_lighttpd_c_440, lighttpd/1.4.33, 54.186.41.160, 3568, 44, 1.616, 1000, 0, 3826000, 3568000, 618.84, 71.100, 1.616, 2312.21, micro1
micro1_lighttpd_c_450, lighttpd/1.4.33, 54.186.41.160, 3568, 45, 2.425, 1000, 0, 3826000, 3568000, 412.42, 109.111, 2.425, 1540.95, micro1
micro1_lighttpd_c_460, lighttpd/1.4.33, 54.186.41.160, 3568, 46, 2.722, 1000, 0, 3826000, 3568000, 367.35, 125.222, 2.722, 1372.53, micro1
micro1_lighttpd_c_470, lighttpd/1.4.33, 54.186.41.160, 3568, 47, 1.418, 1000, 0, 3826000, 3568000, 705.10, 66.658, 1.418, 2634.47, micro1
micro1_lighttpd_c_480, lighttpd/1.4.33, 54.186.41.160, 3568, 48, 1.481, 1000, 0, 3826000, 3568000, 675.27, 71.083, 1.481, 2523.03, micro1
micro1_lighttpd_c_490, lighttpd/1.4.33, 54.186.41.160, 3568, 49, 1.453, 1000, 0, 3826000, 3568000, 688.23, 71.197, 1.453, 2571.46, micro1
micro1_lighttpd_c_50, lighttpd/1.4.33, 54.186.41.160, 3568, 5, 2.109, 1000, 0, 3826000, 3568000, 474.23, 10.543, 2.109, 1771.88, micro1
micro1_lighttpd_c_500, lighttpd/1.4.33, 54.186.41.160, 3568, 50, 1.140, 1000, 0, 3826000, 3568000, 877.29, 56.994, 1.140, 3277.83, micro1
micro1_lighttpd_c_510, lighttpd/1.4.33, 54.186.41.160, 3568, 51, 0.922, 1000, 0, 3826000, 3568000, 1084.70, 47.018, 0.922, 4052.79, micro1
micro1_lighttpd_c_520, lighttpd/1.4.33, 54.186.41.160, 3568, 52, 2.021, 1000, 0, 3826000, 3568000, 494.69, 105.116, 2.021, 1848.33, micro1
micro1_lighttpd_c_530, lighttpd/1.4.33, 54.186.41.160, 3568, 53, 9.587, 1000, 0, 3826000, 3568000, 104.30, 508.136, 9.587, 389.71, micro1
micro1_lighttpd_c_540, lighttpd/1.4.33, 54.186.41.160, 3568, 54, 9.399, 1000, 0, 3826000, 3568000, 106.39, 507.548, 9.399, 397.52, micro1
micro1_lighttpd_c_550, lighttpd/1.4.33, 54.186.41.160, 3568, 55, 4.730, 1000, 0, 3826000, 3568000, 211.40, 260.170, 4.730, 789.86, micro1
micro1_lighttpd_c_560, lighttpd/1.4.33, 54.186.41.160, 3568, 56, 4.254, 1000, 0, 3826000, 3568000, 235.10, 238.201, 4.254, 878.39, micro1
micro1_lighttpd_c_570, lighttpd/1.4.33, 54.186.41.160, 3568, 57, 3.830, 1000, 0, 3826000, 3568000, 261.11, 218.296, 3.830, 975.60, micro1
micro1_lighttpd_c_580, lighttpd/1.4.33, 54.186.41.160, 3568, 58, 2.822, 1000, 0, 3826000, 3568000, 354.34, 163.686, 2.822, 1323.92, micro1
micro1_lighttpd_c_590, lighttpd/1.4.33, 54.186.41.160, 3568, 59, 4.392, 1000, 0, 3826000, 3568000, 227.67, 259.141, 4.392, 850.67, micro1
micro1_lighttpd_c_60, lighttpd/1.4.33, 54.186.41.160, 3568, 6, 1.930, 1000, 0, 3826000, 3568000, 518.11, 11.581, 1.930, 1935.83, micro1
micro1_lighttpd_c_600, lighttpd/1.4.33, 54.186.41.160, 3568, 60, 2.130, 1000, 0, 3826000, 3568000, 469.41, 127.821, 2.130, 1753.85, micro1
micro1_lighttpd_c_610, lighttpd/1.4.33, 54.186.41.160, 3568, 61, 0.903, 1000, 0, 3826000, 3568000, 1107.42, 55.083, 0.903, 4137.69, micro1
micro1_lighttpd_c_620, lighttpd/1.4.33, 54.186.41.160, 3568, 62, 5.864, 1000, 0, 3826000, 3568000, 170.52, 363.594, 5.864, 637.12, micro1
micro1_lighttpd_c_630, lighttpd/1.4.33, 54.186.41.160, 3568, 63, 5.727, 1000, 0, 3826000, 3568000, 174.60, 360.824, 5.727, 652.36, micro1
micro1_lighttpd_c_640, lighttpd/1.4.33, 54.186.41.160, 3568, 64, 4.254, 1000, 0, 3826000, 3568000, 235.09, 272.232, 4.254, 878.39, micro1
micro1_lighttpd_c_650, lighttpd/1.4.33, 54.186.41.160, 3568, 65, 4.424, 1000, 0, 3826000, 3568000, 226.03, 287.571, 4.424, 844.53, micro1
micro1_lighttpd_c_660, lighttpd/1.4.33, 54.186.41.160, 3568, 66, 3.896, 1000, 0, 3826000, 3568000, 256.67, 257.139, 3.896, 959.01, micro1
micro1_lighttpd_c_670, lighttpd/1.4.33, 54.186.41.160, 3568, 67, 3.329, 1000, 0, 3826000, 3568000, 300.40, 223.037, 3.329, 1122.39, micro1
micro1_lighttpd_c_680, lighttpd/1.4.33, 54.186.41.160, 3568, 68, 5.025, 1000, 0, 3826000, 3568000, 199.00, 341.710, 5.025, 743.53, micro1
micro1_lighttpd_c_690, lighttpd/1.4.33, 54.186.41.160, 3568, 69, 3.832, 1000, 0, 3826000, 3568000, 260.96, 264.409, 3.832, 975.03, micro1
micro1_lighttpd_c_70, lighttpd/1.4.33, 54.186.41.160, 3568, 7, 2.617, 1000, 0, 3826000, 3568000, 382.17, 18.316, 2.617, 1427.93, micro1
micro1_lighttpd_c_700, lighttpd/1.4.33, 54.186.41.160, 3568, 70, 4.183, 1000, 0, 3826000, 3568000, 239.06, 292.812, 4.183, 893.21, micro1
micro1_lighttpd_c_710, lighttpd/1.4.33, 54.186.41.160, 3568, 71, 3.800, 1000, 0, 3826000, 3568000, 263.16, 269.801, 3.800, 983.24, micro1
micro1_lighttpd_c_720, lighttpd/1.4.33, 54.186.41.160, 3568, 72, 2.090, 1000, 0, 3826000, 3568000, 478.50, 150.472, 2.090, 1787.82, micro1
micro1_lighttpd_c_730, lighttpd/1.4.33, 54.186.41.160, 3568, 73, 0.852, 1000, 0, 3826000, 3568000, 1173.83, 62.189, 0.852, 4385.83, micro1
micro1_lighttpd_c_740, lighttpd/1.4.33, 54.186.41.160, 3568, 74, 4.285, 1000, 0, 3826000, 3568000, 233.35, 317.116, 4.285, 871.88, micro1
micro1_lighttpd_c_750, lighttpd/1.4.33, 54.186.41.160, 3568, 75, 1.985, 1000, 0, 3826000, 3568000, 503.77, 148.877, 1.985, 1882.26, micro1
micro1_lighttpd_c_760, lighttpd/1.4.33, 54.186.41.160, 3568, 76, 3.607, 1000, 0, 3826000, 3568000, 277.23, 274.144, 3.607, 1035.81, micro1
micro1_lighttpd_c_770, lighttpd/1.4.33, 54.186.41.160, 3568, 77, 1.792, 1000, 0, 3826000, 3568000, 557.94, 138.009, 1.792, 2084.63, micro1
micro1_lighttpd_c_780, lighttpd/1.4.33, 54.186.41.160, 3568, 78, 1.370, 1000, 0, 3826000, 3568000, 730.19, 106.821, 1.370, 2728.23, micro1
micro1_lighttpd_c_790, lighttpd/1.4.33, 54.186.41.160, 3568, 79, 16.534, 1000, 0, 3826000, 3568000, 60.48, 1306.223, 16.534, 225.97, micro1
micro1_lighttpd_c_80, lighttpd/1.4.33, 54.186.41.160, 3568, 8, 1.830, 1000, 0, 3826000, 3568000, 546.48, 14.639, 1.830, 2041.84, micro1
micro1_lighttpd_c_800, lighttpd/1.4.33, 54.186.41.160, 3568, 80, 6.817, 1000, 0, 3826000, 3568000, 146.69, 545.386, 6.817, 548.06, micro1
micro1_lighttpd_c_810, lighttpd/1.4.33, 54.186.41.160, 3568, 81, 12.337, 1000, 0, 3826000, 3568000, 81.06, 999.276, 12.337, 302.86, micro1
micro1_lighttpd_c_820, lighttpd/1.4.33, 54.186.41.160, 3568, 82, 2.082, 1000, 0, 3826000, 3568000, 480.19, 170.764, 2.082, 1794.16, micro1
micro1_lighttpd_c_830, lighttpd/1.4.33, 54.186.41.160, 3568, 83, 1.994, 1000, 0, 3826000, 3568000, 501.55, 165.488, 1.994, 1873.94, micro1
micro1_lighttpd_c_840, lighttpd/1.4.33, 54.186.41.160, 3568, 84, 2.099, 1000, 0, 3826000, 3568000, 476.39, 176.324, 2.099, 1779.97, micro1
micro1_lighttpd_c_850, lighttpd/1.4.33, 54.186.41.160, 3568, 85, 1.411, 1000, 0, 3826000, 3568000, 708.73, 119.932, 1.411, 2648.06, micro1
micro1_lighttpd_c_860, lighttpd/1.4.33, 54.186.41.160, 3568, 86, 1.871, 1000, 0, 3826000, 3568000, 534.47, 160.908, 1.871, 1996.94, micro1
micro1_lighttpd_c_870, lighttpd/1.4.33, 54.186.41.160, 3568, 87, 2.059, 1000, 0, 3826000, 3568000, 485.59, 179.163, 2.059, 1814.32, micro1
micro1_lighttpd_c_880, lighttpd/1.4.33, 54.186.41.160, 3568, 88, 1.035, 1000, 0, 3826000, 3568000, 965.99, 91.098, 1.035, 3609.26, micro1
micro1_lighttpd_c_890, lighttpd/1.4.33, 54.186.41.160, 3568, 89, 1.690, 1000, 0, 3826000, 3568000, 591.68, 150.420, 1.690, 2210.71, micro1
micro1_lighttpd_c_90, lighttpd/1.4.33, 54.186.41.160, 3568, 9, 1.820, 1000, 0, 3826000, 3568000, 549.42, 16.381, 1.820, 2052.81, micro1
micro1_lighttpd_c_900, lighttpd/1.4.33, 54.186.41.160, 3568, 90, 2.315, 1000, 0, 3826000, 3568000, 431.94, 208.365, 2.315, 1613.85, micro1
micro1_lighttpd_c_910, lighttpd/1.4.33, 54.186.41.160, 3568, 91, 5.827, 1000, 0, 3826000, 3568000, 171.62, 530.237, 5.827, 641.23, micro1
micro1_lighttpd_c_920, lighttpd/1.4.33, 54.186.41.160, 3568, 92, 1.422, 1000, 0, 3826000, 3568000, 703.06, 130.857, 1.422, 2626.85, micro1
micro1_lighttpd_c_930, lighttpd/1.4.33, 54.186.41.160, 3568, 93, 2.061, 1000, 0, 3826000, 3568000, 485.31, 191.631, 2.061, 1813.27, micro1
micro1_lighttpd_c_940, lighttpd/1.4.33, 54.186.41.160, 3568, 94, 2.376, 1000, 0, 3826000, 3568000, 420.94, 223.312, 2.376, 1572.75, micro1
micro1_lighttpd_c_950, lighttpd/1.4.33, 54.186.41.160, 3568, 95, 2.031, 1000, 0, 3826000, 3568000, 492.29, 192.974, 2.031, 1839.37, micro1
micro1_lighttpd_c_960, lighttpd/1.4.33, 54.186.41.160, 3568, 96, 3.194, 1000, 0, 3826000, 3568000, 313.07, 306.638, 3.194, 1169.74, micro1
micro1_lighttpd_c_970, lighttpd/1.4.33, 54.186.41.160, 3568, 97, 3.234, 1000, 0, 3826000, 3568000, 309.25, 313.658, 3.234, 1155.48, micro1
micro1_lighttpd_c_980, lighttpd/1.4.33, 54.186.41.160, 3568, 98, 2.527, 1000, 0, 3826000, 3568000, 395.71, 247.656, 2.527, 1478.50, micro1
micro1_lighttpd_c_990, lighttpd/1.4.33, 54.186.41.160, 3568, 99, 6.333, 1000, 0, 3826000, 3568000, 157.90, 626.960, 6.333, 589.98, micro1
micro1_nginx_c_100, nginx/1.4.6, 54.186.41.160, 612, 10, 9.961, 1000, 0, 853000, 612000, 100.39, 99.613, 9.961, 83.62, micro1
micro1_nginx_c_1000, nginx/1.4.6, 54.186.41.160, 612, 100, 1.259, 1000, 0, 853000, 612000, 794.36, 125.888, 1.259, 661.71, micro1
micro1_nginx_c_110, nginx/1.4.6, 54.186.41.160, 612, 11, 6.185, 1000, 0, 853000, 612000, 161.67, 68.040, 6.185, 134.67, micro1
micro1_nginx_c_120, nginx/1.4.6, 54.186.41.160, 612, 12, 4.354, 1000, 0, 853000, 612000, 229.67, 52.250, 4.354, 191.31, micro1
micro1_nginx_c_130, nginx/1.4.6, 54.186.41.160, 612, 13, 1.214, 1000, 0, 853000, 612000, 823.75, 15.781, 1.214, 686.19, micro1
micro1_nginx_c_140, nginx/1.4.6, 54.186.41.160, 612, 14, 8.755, 1000, 0, 853000, 612000, 114.23, 122.563, 8.755, 95.15, micro1
micro1_nginx_c_150, nginx/1.4.6, 54.186.41.160, 612, 15, 8.760, 1000, 0, 853000, 612000, 114.15, 131.404, 8.760, 95.09, micro1
micro1_nginx_c_160, nginx/1.4.6, 54.186.41.160, 612, 16, 9.656, 1000, 0, 853000, 612000, 103.56, 154.501, 9.656, 86.27, micro1
micro1_nginx_c_170, nginx/1.4.6, 54.186.41.160, 612, 17, 9.318, 1000, 0, 853000, 612000, 107.31, 158.414, 9.318, 89.39, micro1
micro1_nginx_c_180, nginx/1.4.6, 54.186.41.160, 612, 18, 2.992, 1000, 0, 853000, 612000, 334.20, 53.859, 2.992, 278.40, micro1
micro1_nginx_c_190, nginx/1.4.6, 54.186.41.160, 612, 19, 11.163, 1000, 0, 853000, 612000, 89.58, 212.092, 11.163, 74.62, micro1
micro1_nginx_c_20, nginx/1.4.6, 54.186.41.160, 612, 2, 9.225, 1000, 0, 853000, 612000, 108.40, 18.451, 9.225, 90.30, micro1
micro1_nginx_c_200, nginx/1.4.6, 54.186.41.160, 612, 20, 1.819, 1000, 0, 853000, 612000, 549.85, 36.373, 1.819, 458.03, micro1
micro1_nginx_c_210, nginx/1.4.6, 54.186.41.160, 612, 21, 11.424, 1000, 0, 853000, 612000, 87.53, 239.909, 11.424, 72.92, micro1
micro1_nginx_c_220, nginx/1.4.6, 54.186.41.160, 612, 22, 1.267, 1000, 0, 853000, 612000, 789.30, 27.873, 1.267, 657.49, micro1
micro1_nginx_c_230, nginx/1.4.6, 54.186.41.160, 612, 23, 1.268, 1000, 0, 853000, 612000, 788.83, 29.157, 1.268, 657.10, micro1
micro1_nginx_c_240, nginx/1.4.6, 54.186.41.160, 612, 24, 10.368, 1000, 0, 853000, 612000, 96.45, 248.840, 10.368, 80.34, micro1
micro1_nginx_c_250, nginx/1.4.6, 54.186.41.160, 612, 25, 11.517, 1000, 0, 853000, 612000, 86.83, 287.929, 11.517, 72.33, micro1
micro1_nginx_c_260, nginx/1.4.6, 54.186.41.160, 612, 26, 2.272, 1000, 0, 853000, 612000, 440.05, 59.084, 2.272, 366.57, micro1
micro1_nginx_c_270, nginx/1.4.6, 54.186.41.160, 612, 27, 1.825, 1000, 0, 853000, 612000, 547.99, 49.271, 1.825, 456.48, micro1
micro1_nginx_c_280, nginx/1.4.6, 54.186.41.160, 612, 28, 2.960, 1000, 0, 853000, 612000, 337.79, 82.892, 2.960, 281.38, micro1
micro1_nginx_c_290, nginx/1.4.6, 54.186.41.160, 612, 29, 10.470, 1000, 0, 853000, 612000, 95.51, 303.641, 10.470, 79.56, micro1
micro1_nginx_c_300, nginx/1.4.6, 54.186.41.160, 612, 30, 1.899, 1000, 0, 853000, 612000, 526.50, 56.980, 1.899, 438.58, micro1
micro1_nginx_c_310, nginx/1.4.6, 54.186.41.160, 612, 31, 1.273, 1000, 0, 853000, 612000, 785.73, 39.454, 1.273, 654.52, micro1
micro1_nginx_c_320, nginx/1.4.6, 54.186.41.160, 612, 32, 0.866, 1000, 0, 853000, 612000, 1154.24, 27.724, 0.866, 961.49, micro1
micro1_nginx_c_330, nginx/1.4.6, 54.186.41.160, 612, 33, 1.162, 1000, 0, 853000, 612000, 860.59, 38.346, 1.162, 716.88, micro1
micro1_nginx_c_340, nginx/1.4.6, 54.186.41.160, 612, 34, 1.481, 1000, 0, 853000, 612000, 675.31, 50.347, 1.481, 562.54, micro1
micro1_nginx_c_350, nginx/1.4.6, 54.186.41.160, 612, 35, 1.363, 1000, 0, 853000, 612000, 733.42, 47.721, 1.363, 610.95, micro1
micro1_nginx_c_360, nginx/1.4.6, 54.186.41.160, 612, 36, 10.442, 1000, 0, 853000, 612000, 95.77, 375.920, 10.442, 79.77, micro1
micro1_nginx_c_370, nginx/1.4.6, 54.186.41.160, 612, 37, 1.564, 1000, 0, 853000, 612000, 639.25, 57.880, 1.564, 532.50, micro1
micro1_nginx_c_380, nginx/1.4.6, 54.186.41.160, 612, 38, 1.304, 1000, 0, 853000, 612000, 767.10, 49.537, 1.304, 639.00, micro1
micro1_nginx_c_390, nginx/1.4.6, 54.186.41.160, 612, 39, 1.325, 1000, 0, 853000, 612000, 754.47, 51.692, 1.325, 628.48, micro1
micro1_nginx_c_400, nginx/1.4.6, 54.186.41.160, 612, 40, 1.387, 1000, 0, 853000, 612000, 720.84, 55.491, 1.387, 600.46, micro1
micro1_nginx_c_410, nginx/1.4.6, 54.186.41.160, 612, 41, 1.209, 1000, 0, 853000, 612000, 827.22, 49.564, 1.209, 689.08, micro1
micro1_nginx_c_420, nginx/1.4.6, 54.186.41.160, 612, 42, 1.298, 1000, 0, 853000, 612000, 770.25, 54.528, 1.298, 641.63, micro1
micro1_nginx_c_430, nginx/1.4.6, 54.186.41.160, 612, 43, 1.263, 1000, 0, 853000, 612000, 791.84, 54.304, 1.263, 659.61, micro1
micro1_nginx_c_440, nginx/1.4.6, 54.186.41.160, 612, 44, 1.222, 1000, 0, 853000, 612000, 818.57, 53.752, 1.222, 681.87, micro1
micro1_nginx_c_450, nginx/1.4.6, 54.186.41.160, 612, 45, 2.256, 1000, 0, 853000, 612000, 443.30, 101.511, 2.256, 369.27, micro1
micro1_nginx_c_460, nginx/1.4.6, 54.186.41.160, 612, 46, 13.327, 1000, 0, 853000, 612000, 75.03, 613.047, 13.327, 62.50, micro1
micro1_nginx_c_470, nginx/1.4.6, 54.186.41.160, 612, 47, 9.243, 1000, 0, 853000, 612000, 108.20, 434.400, 9.243, 90.13, micro1
micro1_nginx_c_480, nginx/1.4.6, 54.186.41.160, 612, 48, 6.079, 1000, 0, 853000, 612000, 164.49, 291.808, 6.079, 137.02, micro1
micro1_nginx_c_490, nginx/1.4.6, 54.186.41.160, 612, 49, 1.296, 1000, 0, 853000, 612000, 771.41, 63.520, 1.296, 642.59, micro1
micro1_nginx_c_500, nginx/1.4.6, 54.186.41.160, 612, 50, 1.818, 1000, 0, 853000, 612000, 550.12, 90.889, 1.818, 458.26, micro1
micro1_nginx_c_510, nginx/1.4.6, 54.186.41.160, 612, 51, 1.332, 1000, 0, 853000, 612000, 750.98, 67.912, 1.332, 625.57, micro1
micro1_nginx_c_520, nginx/1.4.6, 54.186.41.160, 612, 52, 6.039, 1000, 0, 853000, 612000, 165.59, 314.034, 6.039, 137.94, micro1
micro1_nginx_c_530, nginx/1.4.6, 54.186.41.160, 612, 53, 2.780, 1000, 0, 853000, 612000, 359.65, 147.364, 2.780, 299.59, micro1
micro1_nginx_c_540, nginx/1.4.6, 54.186.41.160, 612, 54, 1.100, 1000, 0, 853000, 612000, 909.44, 59.377, 1.100, 757.57, micro1
micro1_nginx_c_550, nginx/1.4.6, 54.186.41.160, 612, 55, 1.228, 1000, 0, 853000, 612000, 814.58, 67.519, 1.228, 678.55, micro1
micro1_nginx_c_560, nginx/1.4.6, 54.186.41.160, 612, 56, 1.164, 1000, 0, 853000, 612000, 859.38, 65.163, 1.164, 715.87, micro1
micro1_nginx_c_570, nginx/1.4.6, 54.186.41.160, 612, 57, 1.215, 1000, 0, 853000, 612000, 823.07, 69.253, 1.215, 685.62, micro1
micro1_nginx_c_580, nginx/1.4.6, 54.186.41.160, 612, 58, 1.193, 1000, 0, 853000, 612000, 838.44, 69.176, 1.193, 698.42, micro1
micro1_nginx_c_590, nginx/1.4.6, 54.186.41.160, 612, 59, 1.160, 1000, 0, 853000, 612000, 862.11, 68.436, 1.160, 718.15, micro1
micro1_nginx_c_60, nginx/1.4.6, 54.186.41.160, 612, 6, 21.845, 1000, 0, 853000, 612000, 45.78, 131.071, 21.845, 38.13, micro1
micro1_nginx_c_600, nginx/1.4.6, 54.186.41.160, 612, 60, 1.262, 1000, 0, 853000, 612000, 792.63, 75.697, 1.262, 660.27, micro1
micro1_nginx_c_610, nginx/1.4.6, 54.186.41.160, 612, 61, 1.472, 1000, 0, 853000, 612000, 679.19, 89.813, 1.472, 565.77, micro1
micro1_nginx_c_620, nginx/1.4.6, 54.186.41.160, 612, 62, 2.051, 1000, 0, 853000, 612000, 487.46, 127.190, 2.051, 406.06, micro1
micro1_nginx_c_630, nginx/1.4.6, 54.186.41.160, 612, 63, 2.017, 1000, 0, 853000, 612000, 495.89, 127.043, 2.017, 413.08, micro1
micro1_nginx_c_640, nginx/1.4.6, 54.186.41.160, 612, 64, 1.172, 1000, 0, 853000, 612000, 853.46, 74.989, 1.172, 710.94, micro1
micro1_nginx_c_650, nginx/1.4.6, 54.186.41.160, 612, 65, 1.241, 1000, 0, 853000, 612000, 805.69, 80.676, 1.241, 671.15, micro1
micro1_nginx_c_660, nginx/1.4.6, 54.186.41.160, 612, 66, 1.154, 1000, 0, 853000, 612000, 866.22, 76.193, 1.154, 721.57, micro1
micro1_nginx_c_670, nginx/1.4.6, 54.186.41.160, 612, 67, 2.076, 1000, 0, 853000, 612000, 481.65, 139.105, 2.076, 401.22, micro1
micro1_nginx_c_680, nginx/1.4.6, 54.186.41.160, 612, 68, 5.061, 1000, 0, 853000, 612000, 197.61, 344.118, 5.061, 164.61, micro1
micro1_nginx_c_690, nginx/1.4.6, 54.186.41.160, 612, 69, 0.718, 1000, 0, 853000, 612000, 1392.69, 49.545, 0.718, 1160.12, micro1
micro1_nginx_c_70, nginx/1.4.6, 54.186.41.160, 612, 7, 1.566, 1000, 0, 853000, 612000, 638.75, 10.959, 1.566, 532.08, micro1
micro1_nginx_c_700, nginx/1.4.6, 54.186.41.160, 612, 70, 1.971, 1000, 0, 853000, 612000, 507.34, 137.974, 1.971, 422.62, micro1
micro1_nginx_c_710, nginx/1.4.6, 54.186.41.160, 612, 71, 1.628, 1000, 0, 853000, 612000, 614.38, 115.563, 1.628, 511.78, micro1
micro1_nginx_c_720, nginx/1.4.6, 54.186.41.160, 612, 72, 2.020, 1000, 0, 853000, 612000, 495.12, 145.419, 2.020, 412.44, micro1
micro1_nginx_c_730, nginx/1.4.6, 54.186.41.160, 612, 73, 2.067, 1000, 0, 853000, 612000, 483.90, 150.858, 2.067, 403.09, micro1
micro1_nginx_c_740, nginx/1.4.6, 54.186.41.160, 612, 74, 1.566, 1000, 0, 853000, 612000, 638.64, 115.872, 1.566, 531.99, micro1
micro1_nginx_c_750, nginx/1.4.6, 54.186.41.160, 612, 75, 1.416, 1000, 0, 853000, 612000, 706.22, 106.199, 1.416, 588.29, micro1
micro1_nginx_c_760, nginx/1.4.6, 54.186.41.160, 612, 76, 1.743, 1000, 0, 853000, 612000, 573.88, 132.432, 1.743, 478.05, micro1
micro1_nginx_c_770, nginx/1.4.6, 54.186.41.160, 612, 77, 1.726, 1000, 0, 853000, 612000, 579.37, 132.903, 1.726, 482.62, micro1
micro1_nginx_c_780, nginx/1.4.6, 54.186.41.160, 612, 78, 1.755, 1000, 0, 853000, 612000, 569.84, 136.880, 1.755, 474.68, micro1
micro1_nginx_c_790, nginx/1.4.6, 54.186.41.160, 612, 79, 1.834, 1000, 0, 853000, 612000, 545.34, 144.863, 1.834, 454.27, micro1
micro1_nginx_c_80, nginx/1.4.6, 54.186.41.160, 612, 8, 1.297, 1000, 0, 853000, 612000, 770.82, 10.379, 1.297, 642.10, micro1
micro1_nginx_c_800, nginx/1.4.6, 54.186.41.160, 612, 80, 2.183, 1000, 0, 853000, 612000, 458.10, 174.633, 2.183, 381.60, micro1
micro1_nginx_c_810, nginx/1.4.6, 54.186.41.160, 612, 81, 2.041, 1000, 0, 853000, 612000, 489.97, 165.315, 2.041, 408.15, micro1
micro1_nginx_c_820, nginx/1.4.6, 54.186.41.160, 612, 82, 2.089, 1000, 0, 853000, 612000, 478.66, 171.312, 2.089, 398.73, micro1
micro1_nginx_c_830, nginx/1.4.6, 54.186.41.160, 612, 83, 1.686, 1000, 0, 853000, 612000, 593.18, 139.924, 1.686, 494.12, micro1
micro1_nginx_c_840, nginx/1.4.6, 54.186.41.160, 612, 84, 1.290, 1000, 0, 853000, 612000, 774.93, 108.397, 1.290, 645.52, micro1
micro1_nginx_c_850, nginx/1.4.6, 54.186.41.160, 612, 85, 1.418, 1000, 0, 853000, 612000, 705.09, 120.552, 1.418, 587.34, micro1
micro1_nginx_c_860, nginx/1.4.6, 54.186.41.160, 612, 86, 1.508, 1000, 0, 853000, 612000, 663.34, 129.646, 1.508, 552.57, micro1
micro1_nginx_c_870, nginx/1.4.6, 54.186.41.160, 612, 87, 1.450, 1000, 0, 853000, 612000, 689.62, 126.157, 1.450, 574.46, micro1
micro1_nginx_c_880, nginx/1.4.6, 54.186.41.160, 612, 88, 1.408, 1000, 0, 853000, 612000, 710.34, 123.885, 1.408, 591.71, micro1
micro1_nginx_c_890, nginx/1.4.6, 54.186.41.160, 612, 89, 4.058, 1000, 0, 853000, 612000, 246.40, 361.202, 4.058, 205.25, micro1
micro1_nginx_c_90, nginx/1.4.6, 54.186.41.160, 612, 9, 43.561, 1000, 0, 853000, 612000, 22.96, 392.051, 43.561, 19.12, micro1
micro1_nginx_c_900, nginx/1.4.6, 54.186.41.160, 612, 90, 4.033, 1000, 0, 853000, 612000, 247.98, 362.938, 4.033, 206.57, micro1
micro1_nginx_c_910, nginx/1.4.6, 54.186.41.160, 612, 91, 1.849, 1000, 0, 853000, 612000, 540.93, 168.229, 1.849, 450.60, micro1
micro1_nginx_c_920, nginx/1.4.6, 54.186.41.160, 612, 92, 4.396, 1000, 0, 853000, 612000, 227.50, 404.404, 4.396, 189.51, micro1
micro1_nginx_c_930, nginx/1.4.6, 54.186.41.160, 612, 93, 3.397, 1000, 0, 853000, 612000, 294.35, 315.952, 3.397, 245.19, micro1
micro1_nginx_c_940, nginx/1.4.6, 54.186.41.160, 612, 94, 3.697, 1000, 0, 853000, 612000, 270.48, 347.526, 3.697, 225.31, micro1
micro1_nginx_c_950, nginx/1.4.6, 54.186.41.160, 612, 95, 16.947, 1000, 0, 853000, 612000, 59.01, 1609.944, 16.947, 49.15, micro1
micro1_nginx_c_960, nginx/1.4.6, 54.186.41.160, 612, 96, 4.135, 1000, 0, 853000, 612000, 241.85, 396.934, 4.135, 201.47, micro1
micro1_nginx_c_970, nginx/1.4.6, 54.186.41.160, 612, 97, 2.042, 1000, 0, 853000, 612000, 489.76, 198.056, 2.042, 407.97, micro1
micro1_nginx_c_980, nginx/1.4.6, 54.186.41.160, 612, 98, 7.562, 1000, 0, 853000, 612000, 132.24, 741.091, 7.562, 110.15, micro1
micro1_nginx_c_990, nginx/1.4.6, 54.186.41.160, 612, 99, 5.240, 1000, 0, 853000, 612000, 190.84, 518.752, 5.240, 158.97, micro1
micro2_apache2_c_10, Apache/2.4.7, 54.187.208.239, 11510, 10, 7.795, 10000, 0, 117830000, 115100000, 1282.94, 7.795, 0.779, 14762.56, micro2
micro2_apache2_c_100, Apache/2.4.7, 54.187.208.239, 11510, 100, 6.911, 10000, 0, 117830000, 115100000, 1447.07, 69.105, 0.691, 16651.14, micro2
micro2_apache2_c_1000, Apache/2.4.7, 54.187.208.239, 11510, 1000, 29.558, 10000, 0, 117830000, 115100000, 338.32, 2955.814, 2.956, 3892.95, micro2
micro2_apache2_c_110, Apache/2.4.7, 54.187.208.239, 11510, 110, 7.329, 10000, 0, 117830000, 115100000, 1364.38, 80.622, 0.733, 15699.75, micro2
micro2_apache2_c_120, Apache/2.4.7, 54.187.208.239, 11510, 120, 7.072, 10000, 0, 117830000, 115100000, 1413.93, 84.870, 0.707, 16269.88, micro2
micro2_apache2_c_130, Apache/2.4.7, 54.187.208.239, 11510, 130, 7.921, 10000, 0, 117830000, 115100000, 1262.43, 102.976, 0.792, 14526.57, micro2
micro2_apache2_c_140, Apache/2.4.7, 54.187.208.239, 11510, 140, 6.870, 10000, 0, 117830000, 115100000, 1455.56, 96.183, 0.687, 16748.92, micro2
micro2_apache2_c_150, Apache/2.4.7, 54.187.208.239, 11510, 150, 6.889, 10000, 0, 117830000, 115100000, 1451.62, 103.333, 0.689, 16703.58, micro2
micro2_apache2_c_160, Apache/2.4.7, 54.187.208.239, 11510, 160, 7.976, 10000, 0, 117830000, 115100000, 1253.83, 127.609, 0.798, 14427.61, micro2
micro2_apache2_c_170, Apache/2.4.7, 54.187.208.239, 11510, 170, 7.247, 10000, 0, 117830000, 115100000, 1379.87, 123.200, 0.725, 15877.98, micro2
micro2_apache2_c_180, Apache/2.4.7, 54.187.208.239, 11510, 180, 8.230, 10000, 0, 117830000, 115100000, 1215.10, 148.136, 0.823, 13981.96, micro2
micro2_apache2_c_190, Apache/2.4.7, 54.187.208.239, 11510, 190, 8.801, 10000, 0, 117830000, 115100000, 1136.24, 167.219, 0.880, 13074.50, micro2
micro2_apache2_c_20, Apache/2.4.7, 54.187.208.239, 11510, 20, 7.899, 10000, 0, 117830000, 115100000, 1265.98, 15.798, 0.790, 14567.46, micro2
micro2_apache2_c_200, Apache/2.4.7, 54.187.208.239, 11510, 200, 9.132, 10000, 0, 117830000, 115100000, 1095.03, 182.643, 0.913, 12600.37, micro2
micro2_apache2_c_210, Apache/2.4.7, 54.187.208.239, 11510, 210, 12.846, 10000, 0, 117830000, 115100000, 778.47, 269.760, 1.285, 8957.71, micro2
micro2_apache2_c_220, Apache/2.4.7, 54.187.208.239, 11510, 220, 12.321, 10000, 0, 117830000, 115100000, 811.63, 271.059, 1.232, 9339.32, micro2
micro2_apache2_c_230, Apache/2.4.7, 54.187.208.239, 11510, 230, 6.732, 10000, 0, 117830000, 115100000, 1485.37, 154.843, 0.673, 17091.96, micro2
micro2_apache2_c_240, Apache/2.4.7, 54.187.208.239, 11510, 240, 7.323, 10000, 0, 117830000, 115100000, 1365.48, 175.763, 0.732, 15712.34, micro2
micro2_apache2_c_250, Apache/2.4.7, 54.187.208.239, 11510, 250, 7.426, 10000, 0, 117830000, 115100000, 1346.53, 185.662, 0.743, 15494.33, micro2
micro2_apache2_c_260, Apache/2.4.7, 54.187.208.239, 11510, 260, 6.990, 10000, 0, 117830000, 115100000, 1430.55, 181.748, 0.699, 16461.11, micro2
micro2_apache2_c_270, Apache/2.4.7, 54.187.208.239, 11510, 270, 5.797, 10000, 0, 117830000, 115100000, 1725.13, 156.510, 0.580, 19850.75, micro2
micro2_apache2_c_280, Apache/2.4.7, 54.187.208.239, 11510, 280, 6.123, 10000, 0, 117830000, 115100000, 1633.18, 171.445, 0.612, 18792.68, micro2
micro2_apache2_c_290, Apache/2.4.7, 54.187.208.239, 11510, 290, 6.816, 10000, 0, 117830000, 115100000, 1467.24, 197.650, 0.682, 16883.32, micro2
micro2_apache2_c_30, Apache/2.4.7, 54.187.208.239, 11510, 30, 15.696, 10000, 0, 117830000, 115100000, 637.10, 47.088, 1.570, 7331.03, micro2
micro2_apache2_c_300, Apache/2.4.7, 54.187.208.239, 11510, 300, 6.315, 10000, 0, 117830000, 115100000, 1583.50, 189.454, 0.632, 18221.02, micro2
micro2_apache2_c_310, Apache/2.4.7, 54.187.208.239, 11510, 310, 6.648, 10000, 0, 117830000, 115100000, 1504.16, 206.095, 0.665, 17308.14, micro2
micro2_apache2_c_320, Apache/2.4.7, 54.187.208.239, 11510, 320, 7.052, 10000, 0, 117830000, 115100000, 1417.96, 225.676, 0.705, 16316.23, micro2
micro2_apache2_c_330, Apache/2.4.7, 54.187.208.239, 11510, 330, 6.383, 10000, 0, 117830000, 115100000, 1566.66, 210.639, 0.638, 18027.28, micro2
micro2_apache2_c_340, Apache/2.4.7, 54.187.208.239, 11510, 340, 6.583, 10000, 0, 117830000, 115100000, 1519.01, 223.830, 0.658, 17478.97, micro2
micro2_apache2_c_350, Apache/2.4.7, 54.187.208.239, 11510, 350, 7.162, 10000, 0, 117830000, 115100000, 1396.30, 250.662, 0.716, 16067.02, micro2
micro2_apache2_c_360, Apache/2.4.7, 54.187.208.239, 11510, 360, 12.491, 10000, 0, 117830000, 115100000, 800.58, 449.675, 1.249, 9212.13, micro2
micro2_apache2_c_370, Apache/2.4.7, 54.187.208.239, 11510, 370, 8.783, 10000, 0, 117830000, 115100000, 1138.59, 324.964, 0.878, 13101.54, micro2
micro2_apache2_c_380, Apache/2.4.7, 54.187.208.239, 11510, 380, 8.429, 10000, 0, 117830000, 115100000, 1186.44, 320.285, 0.843, 13652.21, micro2
micro2_apache2_c_390, Apache/2.4.7, 54.187.208.239, 11510, 390, 8.844, 10000, 0, 117830000, 115100000, 1130.74, 344.907, 0.884, 13011.23, micro2
micro2_apache2_c_40, Apache/2.4.7, 54.187.208.239, 11510, 40, 16.107, 10000, 0, 117830000, 115100000, 620.85, 64.428, 1.611, 7144.03, micro2
micro2_apache2_c_400, Apache/2.4.7, 54.187.208.239, 11510, 400, 7.176, 10000, 0, 117830000, 115100000, 1393.60, 287.026, 0.718, 16035.93, micro2
micro2_apache2_c_410, Apache/2.4.7, 54.187.208.239, 11510, 410, 8.013, 10000, 0, 117830000, 115100000, 1248.04, 328.516, 0.801, 14360.94, micro2
micro2_apache2_c_420, Apache/2.4.7, 54.187.208.239, 11510, 420, 7.743, 10000, 0, 117830000, 115100000, 1291.49, 325.205, 0.774, 14860.99, micro2
micro2_apache2_c_430, Apache/2.4.7, 54.187.208.239, 11510, 430, 8.423, 10000, 0, 117830000, 115100000, 1187.27, 362.175, 0.842, 13661.75, micro2
micro2_apache2_c_440, Apache/2.4.7, 54.187.208.239, 11510, 440, 8.300, 10000, 0, 117830000, 115100000, 1204.82, 365.198, 0.830, 13863.72, micro2
micro2_apache2_c_450, Apache/2.4.7, 54.187.208.239, 11510, 450, 7.835, 10000, 0, 117830000, 115100000, 1276.38, 352.561, 0.783, 14687.05, micro2
micro2_apache2_c_460, Apache/2.4.7, 54.187.208.239, 11510, 460, 8.575, 10000, 0, 117830000, 115100000, 1166.22, 394.438, 0.857, 13419.47, micro2
micro2_apache2_c_470, Apache/2.4.7, 54.187.208.239, 11510, 470, 8.241, 10000, 0, 117830000, 115100000, 1213.39, 387.346, 0.824, 13962.24, micro2
micro2_apache2_c_480, Apache/2.4.7, 54.187.208.239, 11510, 480, 7.931, 10000, 0, 117830000, 115100000, 1260.89, 380.684, 0.793, 14508.85, micro2
micro2_apache2_c_490, Apache/2.4.7, 54.187.208.239, 11510, 490, 16.958, 10000, 0, 117830000, 115100000, 589.68, 830.963, 1.696, 6785.32, micro2
micro2_apache2_c_50, Apache/2.4.7, 54.187.208.239, 11510, 50, 19.400, 10000, 0, 117830000, 115100000, 515.46, 97.001, 1.940, 5931.32, micro2
micro2_apache2_c_500, Apache/2.4.7, 54.187.208.239, 11510, 500, 15.933, 10000, 0, 117830000, 115100000, 627.64, 796.638, 1.593, 7222.13, micro2
micro2_apache2_c_510, Apache/2.4.7, 54.187.208.239, 11510, 510, 9.135, 10000, 0, 117830000, 115100000, 1094.67, 465.894, 0.914, 12596.18, micro2
micro2_apache2_c_520, Apache/2.4.7, 54.187.208.239, 11510, 520, 7.163, 10000, 0, 117830000, 115100000, 1396.11, 372.464, 0.716, 16064.78, micro2
micro2_apache2_c_530, Apache/2.4.7, 54.187.208.239, 11510, 530, 7.748, 10000, 0, 117830000, 115100000, 1290.58, 410.670, 0.775, 14850.44, micro2
micro2_apache2_c_540, Apache/2.4.7, 54.187.208.239, 11510, 540, 9.047, 10000, 0, 117830000, 115100000, 1105.37, 488.526, 0.905, 12719.26, micro2
micro2_apache2_c_550, Apache/2.4.7, 54.187.208.239, 11510, 550, 9.526, 10000, 0, 117830000, 115100000, 1049.75, 523.937, 0.953, 12079.25, micro2
micro2_apache2_c_560, Apache/2.4.7, 54.187.208.239, 11510, 560, 8.097, 10000, 0, 117830000, 115100000, 1235.09, 453.408, 0.810, 14211.97, micro2
micro2_apache2_c_570, Apache/2.4.7, 54.187.208.239, 11510, 570, 8.714, 10000, 0, 117830000, 115100000, 1147.63, 496.676, 0.871, 13205.59, micro2
micro2_apache2_c_580, Apache/2.4.7, 54.187.208.239, 11510, 580, 8.685, 10000, 0, 117830000, 115100000, 1151.35, 503.755, 0.869, 13248.42, micro2
micro2_apache2_c_590, Apache/2.4.7, 54.187.208.239, 11510, 590, 9.153, 10000, 0, 117830000, 115100000, 1092.55, 540.022, 0.915, 12571.77, micro2
micro2_apache2_c_60, Apache/2.4.7, 54.187.208.239, 11510, 60, 17.666, 10000, 0, 117830000, 115100000, 566.05, 105.998, 1.767, 6513.42, micro2
micro2_apache2_c_600, Apache/2.4.7, 54.187.208.239, 11510, 600, 8.613, 10000, 0, 117830000, 115100000, 1160.98, 516.806, 0.861, 13359.18, micro2
micro2_apache2_c_610, Apache/2.4.7, 54.187.208.239, 11510, 610, 8.066, 10000, 0, 117830000, 115100000, 1239.71, 492.049, 0.807, 14265.18, micro2
micro2_apache2_c_620, Apache/2.4.7, 54.187.208.239, 11510, 620, 8.832, 10000, 0, 117830000, 115100000, 1132.22, 547.597, 0.883, 13028.26, micro2
micro2_apache2_c_630, Apache/2.4.7, 54.187.208.239, 11510, 630, 8.876, 10000, 0, 117830000, 115100000, 1126.59, 559.208, 0.888, 12963.52, micro2
micro2_apache2_c_640, Apache/2.4.7, 54.187.208.239, 11510, 640, 8.798, 10000, 0, 117830000, 115100000, 1136.58, 563.094, 0.880, 13078.42, micro2
micro2_apache2_c_650, Apache/2.4.7, 54.187.208.239, 11510, 650, 12.749, 10000, 0, 117830000, 115100000, 784.36, 828.706, 1.275, 9025.45, micro2
micro2_apache2_c_660, Apache/2.4.7, 54.187.208.239, 11510, 660, 11.015, 10000, 0, 117830000, 115100000, 907.85, 726.995, 1.102, 10446.45, micro2
micro2_apache2_c_670, Apache/2.4.7, 54.187.208.239, 11510, 670, 9.261, 10000, 0, 117830000, 115100000, 1079.85, 620.456, 0.926, 12425.67, micro2
micro2_apache2_c_680, Apache/2.4.7, 54.187.208.239, 11510, 680, 8.028, 10000, 0, 117830000, 115100000, 1245.70, 545.880, 0.803, 14334.02, micro2
micro2_apache2_c_690, Apache/2.4.7, 54.187.208.239, 11510, 690, 8.536, 10000, 0, 117830000, 115100000, 1171.50, 588.990, 0.854, 13480.22, micro2
micro2_apache2_c_70, Apache/2.4.7, 54.187.208.239, 11510, 70, 34.069, 10000, 0, 117830000, 115100000, 293.52, 238.481, 3.407, 3377.54, micro2
micro2_apache2_c_700, Apache/2.4.7, 54.187.208.239, 11510, 700, 8.689, 10000, 0, 117830000, 115100000, 1150.89, 608.224, 0.869, 13243.13, micro2
micro2_apache2_c_710, Apache/2.4.7, 54.187.208.239, 11510, 710, 12.967, 10000, 0, 117830000, 115100000, 771.16, 920.686, 1.297, 8873.66, micro2
micro2_apache2_c_720, Apache/2.4.7, 54.187.208.239, 11510, 720, 11.771, 10000, 0, 117830000, 115100000, 849.57, 847.491, 1.177, 9775.83, micro2
micro2_apache2_c_730, Apache/2.4.7, 54.187.208.239, 11510, 730, 12.703, 10000, 0, 117830000, 115100000, 787.20, 927.338, 1.270, 9058.18, micro2
micro2_apache2_c_740, Apache/2.4.7, 54.187.208.239, 11510, 740, 12.788, 10000, 0, 117830000, 115100000, 782.01, 946.276, 1.279, 8998.49, micro2
micro2_apache2_c_750, Apache/2.4.7, 54.187.208.239, 11510, 750, 10.747, 10000, 0, 117830000, 115100000, 930.48, 806.033, 1.075, 10706.92, micro2
micro2_apache2_c_760, Apache/2.4.7, 54.187.208.239, 11510, 760, 10.223, 10000, 0, 117830000, 115100000, 978.18, 776.951, 1.022, 11255.79, micro2
micro2_apache2_c_770, Apache/2.4.7, 54.187.208.239, 11510, 770, 10.175, 10000, 0, 117830000, 115100000, 982.81, 783.465, 1.017, 11309.08, micro2
micro2_apache2_c_780, Apache/2.4.7, 54.187.208.239, 11510, 780, 10.539, 10000, 0, 117830000, 115100000, 948.84, 822.052, 1.054, 10918.20, micro2
micro2_apache2_c_790, Apache/2.4.7, 54.187.208.239, 11510, 790, 10.374, 10000, 0, 117830000, 115100000, 963.93, 819.559, 1.037, 11091.81, micro2
micro2_apache2_c_80, Apache/2.4.7, 54.187.208.239, 11510, 80, 8.874, 10000, 0, 117830000, 115100000, 1126.85, 70.994, 0.887, 12966.49, micro2
micro2_apache2_c_800, Apache/2.4.7, 54.187.208.239, 11510, 800, 8.759, 10000, 0, 117830000, 115100000, 1141.63, 700.752, 0.876, 13136.56, micro2
micro2_apache2_c_810, Apache/2.4.7, 54.187.208.239, 11510, 810, 8.971, 10000, 0, 117830000, 115100000, 1114.66, 726.681, 0.897, 12826.18, micro2
micro2_apache2_c_820, Apache/2.4.7, 54.187.208.239, 11510, 820, 10.477, 10000, 0, 117830000, 115100000, 954.50, 859.090, 1.048, 10983.26, micro2
micro2_apache2_c_830, Apache/2.4.7, 54.187.208.239, 11510, 830, 12.011, 10000, 0, 117830000, 115100000, 832.60, 996.882, 1.201, 9580.54, micro2
micro2_apache2_c_840, Apache/2.4.7, 54.187.208.239, 11510, 840, 13.204, 10000, 0, 117830000, 115100000, 757.34, 1109.141, 1.320, 8714.62, micro2
micro2_apache2_c_850, Apache/2.4.7, 54.187.208.239, 11510, 850, 13.201, 10000, 0, 117830000, 115100000, 757.50, 1122.113, 1.320, 8716.42, micro2
micro2_apache2_c_860, Apache/2.4.7, 54.187.208.239, 11510, 860, 10.710, 10000, 0, 117830000, 115100000, 933.72, 921.050, 1.071, 10744.12, micro2
micro2_apache2_c_870, Apache/2.4.7, 54.187.208.239, 11510, 870, 16.944, 10000, 0, 117830000, 115100000, 590.19, 1474.097, 1.694, 6791.24, micro2
micro2_apache2_c_880, Apache/2.4.7, 54.187.208.239, 11510, 880, 20.524, 10000, 0, 117830000, 115100000, 487.23, 1806.144, 2.052, 5606.43, micro2
micro2_apache2_c_890, Apache/2.4.7, 54.187.208.239, 11510, 890, 27.046, 10000, 0, 117830000, 115100000, 369.74, 2407.092, 2.705, 4254.55, micro2
micro2_apache2_c_90, Apache/2.4.7, 54.187.208.239, 11510, 90, 16.074, 10000, 0, 117830000, 115100000, 622.11, 144.669, 1.607, 7158.53, micro2
micro2_apache2_c_910, Apache/2.4.7, 54.187.208.239, 11510, 910, 26.013, 10000, 0, 117830000, 115100000, 384.42, 2367.173, 2.601, 4423.51, micro2
micro2_apache2_c_920, Apache/2.4.7, 54.187.208.239, 11510, 920, 17.974, 10000, 0, 117830000, 115100000, 556.35, 1653.621, 1.797, 6401.88, micro2
micro2_apache2_c_930, Apache/2.4.7, 54.187.208.239, 11510, 930, 17.727, 10000, 0, 117830000, 115100000, 564.10, 1648.632, 1.773, 6491.05, micro2
micro2_apache2_c_940, Apache/2.4.7, 54.187.208.239, 11510, 940, 18.949, 10000, 0, 117830000, 115100000, 527.73, 1781.222, 1.895, 6072.47, micro2
micro2_apache2_c_950, Apache/2.4.7, 54.187.208.239, 11510, 950, 28.227, 10000, 0, 117830000, 115100000, 354.27, 2681.549, 2.823, 4076.56, micro2
micro2_apache2_c_960, Apache/2.4.7, 54.187.208.239, 11510, 960, 59.344, 10000, 0, 117830000, 115100000, 168.51, 5697.048, 5.934, 1939.00, micro2
micro2_apache2_c_990, Apache/2.4.7, 54.187.208.239, 11510, 990, 21.968, 10000, 0, 117830000, 115100000, 455.20, 2174.849, 2.197, 5237.96, micro2
micro2_nginx_c_100, nginx/1.4.6, 54.187.208.239, 612, 10, 8.155, 1000, 0, 853000, 612000, 122.62, 81.550, 8.155, 102.15, micro2
micro2_nginx_c_1000, nginx/1.4.6, 54.187.208.239, 612, 100, 1.596, 1000, 0, 853000, 612000, 626.76, 159.550, 1.596, 522.10, micro2
micro2_nginx_c_110, nginx/1.4.6, 54.187.208.239, 612, 11, 17.692, 1000, 0, 853000, 612000, 56.52, 194.610, 17.692, 47.08, micro2
micro2_nginx_c_120, nginx/1.4.6, 54.187.208.239, 612, 12, 9.846, 1000, 0, 853000, 612000, 101.56, 118.155, 9.846, 84.60, micro2
micro2_nginx_c_130, nginx/1.4.6, 54.187.208.239, 612, 13, 9.333, 1000, 0, 853000, 612000, 107.14, 121.332, 9.333, 89.25, micro2
micro2_nginx_c_140, nginx/1.4.6, 54.187.208.239, 612, 14, 8.745, 1000, 0, 853000, 612000, 114.35, 122.428, 8.745, 95.26, micro2
micro2_nginx_c_150, nginx/1.4.6, 54.187.208.239, 612, 15, 7.772, 1000, 0, 853000, 612000, 128.67, 116.573, 7.772, 107.19, micro2
micro2_nginx_c_160, nginx/1.4.6, 54.187.208.239, 612, 16, 7.371, 1000, 0, 853000, 612000, 135.67, 117.929, 7.371, 113.02, micro2
micro2_nginx_c_170, nginx/1.4.6, 54.187.208.239, 612, 17, 8.176, 1000, 0, 853000, 612000, 122.31, 138.990, 8.176, 101.89, micro2
micro2_nginx_c_180, nginx/1.4.6, 54.187.208.239, 612, 18, 8.262, 1000, 0, 853000, 612000, 121.04, 148.712, 8.262, 100.83, micro2
micro2_nginx_c_190, nginx/1.4.6, 54.187.208.239, 612, 19, 11.777, 1000, 0, 853000, 612000, 84.91, 223.761, 11.777, 70.73, micro2
micro2_nginx_c_20, nginx/1.4.6, 54.187.208.239, 612, 2, 2.960, 1000, 0, 853000, 612000, 337.87, 5.920, 2.960, 281.45, micro2
micro2_nginx_c_200, nginx/1.4.6, 54.187.208.239, 612, 20, 8.456, 1000, 0, 853000, 612000, 118.25, 169.129, 8.456, 98.51, micro2
micro2_nginx_c_210, nginx/1.4.6, 54.187.208.239, 612, 21, 8.346, 1000, 0, 853000, 612000, 119.82, 175.269, 8.346, 99.81, micro2
micro2_nginx_c_220, nginx/1.4.6, 54.187.208.239, 612, 22, 8.367, 1000, 0, 853000, 612000, 119.51, 184.079, 8.367, 99.56, micro2
micro2_nginx_c_230, nginx/1.4.6, 54.187.208.239, 612, 23, 6.134, 1000, 0, 853000, 612000, 163.03, 141.077, 6.134, 135.81, micro2
micro2_nginx_c_240, nginx/1.4.6, 54.187.208.239, 612, 24, 11.055, 1000, 0, 853000, 612000, 90.46, 265.312, 11.055, 75.35, micro2
micro2_nginx_c_250, nginx/1.4.6, 54.187.208.239, 612, 25, 9.891, 1000, 0, 853000, 612000, 101.11, 247.267, 9.891, 84.22, micro2
micro2_nginx_c_260, nginx/1.4.6, 54.187.208.239, 612, 26, 6.712, 1000, 0, 853000, 612000, 148.99, 174.513, 6.712, 124.11, micro2
micro2_nginx_c_270, nginx/1.4.6, 54.187.208.239, 612, 27, 10.767, 1000, 0, 853000, 612000, 92.87, 290.720, 10.767, 77.36, micro2
micro2_nginx_c_280, nginx/1.4.6, 54.187.208.239, 612, 28, 12.830, 1000, 0, 853000, 612000, 77.94, 359.243, 12.830, 64.93, micro2
micro2_nginx_c_290, nginx/1.4.6, 54.187.208.239, 612, 29, 14.876, 1000, 0, 853000, 612000, 67.22, 431.395, 14.876, 56.00, micro2
micro2_nginx_c_300, nginx/1.4.6, 54.187.208.239, 612, 30, 10.442, 1000, 0, 853000, 612000, 95.77, 313.246, 10.442, 79.78, micro2
micro2_nginx_c_310, nginx/1.4.6, 54.187.208.239, 612, 31, 9.695, 1000, 0, 853000, 612000, 103.15, 300.534, 9.695, 85.92, micro2
micro2_nginx_c_320, nginx/1.4.6, 54.187.208.239, 612, 32, 9.489, 1000, 0, 853000, 612000, 105.39, 303.639, 9.489, 87.79, micro2
micro2_nginx_c_330, nginx/1.4.6, 54.187.208.239, 612, 33, 11.172, 1000, 0, 853000, 612000, 89.51, 368.679, 11.172, 74.56, micro2
micro2_nginx_c_340, nginx/1.4.6, 54.187.208.239, 612, 34, 12.200, 1000, 0, 853000, 612000, 81.97, 414.803, 12.200, 68.28, micro2
micro2_nginx_c_350, nginx/1.4.6, 54.187.208.239, 612, 35, 7.870, 1000, 0, 853000, 612000, 127.07, 275.441, 7.870, 105.85, micro2
micro2_nginx_c_360, nginx/1.4.6, 54.187.208.239, 612, 36, 8.278, 1000, 0, 853000, 612000, 120.81, 297.999, 8.278, 100.63, micro2
micro2_nginx_c_370, nginx/1.4.6, 54.187.208.239, 612, 37, 9.992, 1000, 0, 853000, 612000, 100.08, 369.703, 9.992, 83.37, micro2
micro2_nginx_c_380, nginx/1.4.6, 54.187.208.239, 612, 38, 8.206, 1000, 0, 853000, 612000, 121.87, 311.811, 8.206, 101.52, micro2
micro2_nginx_c_390, nginx/1.4.6, 54.187.208.239, 612, 39, 9.039, 1000, 0, 853000, 612000, 110.63, 352.520, 9.039, 92.16, micro2
micro2_nginx_c_40, nginx/1.4.6, 54.187.208.239, 612, 4, 16.282, 1000, 0, 853000, 612000, 61.42, 65.128, 16.282, 51.16, micro2
micro2_nginx_c_400, nginx/1.4.6, 54.187.208.239, 612, 40, 1.083, 1000, 0, 853000, 612000, 923.08, 43.333, 1.083, 768.94, micro2
micro2_nginx_c_410, nginx/1.4.6, 54.187.208.239, 612, 41, 0.464, 1000, 0, 853000, 612000, 2157.41, 19.004, 0.464, 1797.14, micro2
micro2_nginx_c_420, nginx/1.4.6, 54.187.208.239, 612, 42, 0.470, 1000, 0, 853000, 612000, 2129.06, 19.727, 0.470, 1773.52, micro2
micro2_nginx_c_430, nginx/1.4.6, 54.187.208.239, 612, 43, 2.278, 1000, 0, 853000, 612000, 439.07, 97.933, 2.278, 365.75, micro2
micro2_nginx_c_440, nginx/1.4.6, 54.187.208.239, 612, 44, 9.814, 1000, 0, 853000, 612000, 101.90, 431.813, 9.814, 84.88, micro2
micro2_nginx_c_450, nginx/1.4.6, 54.187.208.239, 612, 45, 12.862, 1000, 0, 853000, 612000, 77.75, 578.800, 12.862, 64.76, micro2
micro2_nginx_c_460, nginx/1.4.6, 54.187.208.239, 612, 46, 4.307, 1000, 0, 853000, 612000, 232.20, 198.105, 4.307, 193.42, micro2
micro2_nginx_c_470, nginx/1.4.6, 54.187.208.239, 612, 47, 2.730, 1000, 0, 853000, 612000, 366.34, 128.296, 2.730, 305.16, micro2
micro2_nginx_c_480, nginx/1.4.6, 54.187.208.239, 612, 48, 0.585, 1000, 0, 853000, 612000, 1709.32, 28.081, 0.585, 1423.87, micro2
micro2_nginx_c_490, nginx/1.4.6, 54.187.208.239, 612, 49, 0.576, 1000, 0, 853000, 612000, 1734.84, 28.245, 0.576, 1445.14, micro2
micro2_nginx_c_50, nginx/1.4.6, 54.187.208.239, 612, 5, 11.062, 1000, 0, 853000, 612000, 90.40, 55.308, 11.062, 75.31, micro2
micro2_nginx_c_500, nginx/1.4.6, 54.187.208.239, 612, 50, 0.586, 1000, 0, 853000, 612000, 1707.46, 29.283, 0.586, 1422.33, micro2
micro2_nginx_c_510, nginx/1.4.6, 54.187.208.239, 612, 51, 0.463, 1000, 0, 853000, 612000, 2160.61, 23.604, 0.463, 1799.81, micro2
micro2_nginx_c_520, nginx/1.4.6, 54.187.208.239, 612, 52, 0.519, 1000, 0, 853000, 612000, 1926.28, 26.995, 0.519, 1604.60, micro2
micro2_nginx_c_530, nginx/1.4.6, 54.187.208.239, 612, 53, 0.496, 1000, 0, 853000, 612000, 2017.66, 26.268, 0.496, 1680.73, micro2
micro2_nginx_c_540, nginx/1.4.6, 54.187.208.239, 612, 54, 2.126, 1000, 0, 853000, 612000, 470.43, 114.789, 2.126, 391.87, micro2
micro2_nginx_c_550, nginx/1.4.6, 54.187.208.239, 612, 55, 2.887, 1000, 0, 853000, 612000, 346.38, 158.787, 2.887, 288.53, micro2
micro2_nginx_c_560, nginx/1.4.6, 54.187.208.239, 612, 56, 2.802, 1000, 0, 853000, 612000, 356.84, 156.931, 2.802, 297.25, micro2
micro2_nginx_c_570, nginx/1.4.6, 54.187.208.239, 612, 57, 2.351, 1000, 0, 853000, 612000, 425.30, 134.022, 2.351, 354.28, micro2
micro2_nginx_c_580, nginx/1.4.6, 54.187.208.239, 612, 58, 2.954, 1000, 0, 853000, 612000, 338.54, 171.326, 2.954, 282.00, micro2
micro2_nginx_c_590, nginx/1.4.6, 54.187.208.239, 612, 59, 1.040, 1000, 0, 853000, 612000, 961.90, 61.337, 1.040, 801.27, micro2
micro2_nginx_c_60, nginx/1.4.6, 54.187.208.239, 612, 6, 6.550, 1000, 0, 853000, 612000, 152.68, 39.297, 6.550, 127.19, micro2
micro2_nginx_c_600, nginx/1.4.6, 54.187.208.239, 612, 60, 3.273, 1000, 0, 853000, 612000, 305.51, 196.396, 3.273, 254.49, micro2
micro2_nginx_c_610, nginx/1.4.6, 54.187.208.239, 612, 61, 3.751, 1000, 0, 853000, 612000, 266.62, 228.793, 3.751, 222.09, micro2
micro2_nginx_c_620, nginx/1.4.6, 54.187.208.239, 612, 62, 3.278, 1000, 0, 853000, 612000, 305.07, 203.230, 3.278, 254.13, micro2
micro2_nginx_c_630, nginx/1.4.6, 54.187.208.239, 612, 63, 3.342, 1000, 0, 853000, 612000, 299.24, 210.536, 3.342, 249.27, micro2
micro2_nginx_c_640, nginx/1.4.6, 54.187.208.239, 612, 64, 5.237, 1000, 0, 853000, 612000, 190.96, 335.146, 5.237, 159.07, micro2
micro2_nginx_c_650, nginx/1.4.6, 54.187.208.239, 612, 65, 6.584, 1000, 0, 853000, 612000, 151.88, 427.960, 6.584, 126.52, micro2
micro2_nginx_c_660, nginx/1.4.6, 54.187.208.239, 612, 66, 5.834, 1000, 0, 853000, 612000, 171.41, 385.051, 5.834, 142.78, micro2
micro2_nginx_c_670, nginx/1.4.6, 54.187.208.239, 612, 67, 4.417, 1000, 0, 853000, 612000, 226.42, 295.914, 4.417, 188.61, micro2
micro2_nginx_c_680, nginx/1.4.6, 54.187.208.239, 612, 68, 2.873, 1000, 0, 853000, 612000, 348.09, 195.349, 2.873, 289.97, micro2
micro2_nginx_c_690, nginx/1.4.6, 54.187.208.239, 612, 69, 3.246, 1000, 0, 853000, 612000, 308.09, 223.962, 3.246, 256.64, micro2
micro2_nginx_c_700, nginx/1.4.6, 54.187.208.239, 612, 70, 3.025, 1000, 0, 853000, 612000, 330.59, 211.745, 3.025, 275.38, micro2
micro2_nginx_c_710, nginx/1.4.6, 54.187.208.239, 612, 71, 3.113, 1000, 0, 853000, 612000, 321.27, 220.995, 3.113, 267.62, micro2
micro2_nginx_c_720, nginx/1.4.6, 54.187.208.239, 612, 72, 1.237, 1000, 0, 853000, 612000, 808.69, 89.033, 1.237, 673.64, micro2
micro2_nginx_c_730, nginx/1.4.6, 54.187.208.239, 612, 73, 0.576, 1000, 0, 853000, 612000, 1737.21, 42.021, 0.576, 1447.11, micro2
micro2_nginx_c_740, nginx/1.4.6, 54.187.208.239, 612, 74, 0.573, 1000, 0, 853000, 612000, 1745.71, 42.390, 0.573, 1454.19, micro2
micro2_nginx_c_750, nginx/1.4.6, 54.187.208.239, 612, 75, 0.562, 1000, 0, 853000, 612000, 1778.77, 42.164, 0.562, 1481.73, micro2
micro2_nginx_c_760, nginx/1.4.6, 54.187.208.239, 612, 76, 0.579, 1000, 0, 853000, 612000, 1726.50, 44.020, 0.579, 1438.19, micro2
micro2_nginx_c_770, nginx/1.4.6, 54.187.208.239, 612, 77, 0.538, 1000, 0, 853000, 612000, 1858.79, 41.425, 0.538, 1548.39, micro2
micro2_nginx_c_780, nginx/1.4.6, 54.187.208.239, 612, 78, 0.433, 1000, 0, 853000, 612000, 2306.95, 33.811, 0.433, 1921.71, micro2
micro2_nginx_c_790, nginx/1.4.6, 54.187.208.239, 612, 79, 0.430, 1000, 0, 853000, 612000, 2323.00, 34.008, 0.430, 1935.08, micro2
micro2_nginx_c_80, nginx/1.4.6, 54.187.208.239, 612, 8, 9.689, 1000, 0, 853000, 612000, 103.21, 77.514, 9.689, 85.97, micro2
micro2_nginx_c_800, nginx/1.4.6, 54.187.208.239, 612, 80, 1.227, 1000, 0, 853000, 612000, 815.04, 98.155, 1.227, 678.93, micro2
micro2_nginx_c_810, nginx/1.4.6, 54.187.208.239, 612, 81, 2.738, 1000, 0, 853000, 612000, 365.28, 221.747, 2.738, 304.28, micro2
micro2_nginx_c_820, nginx/1.4.6, 54.187.208.239, 612, 82, 2.191, 1000, 0, 853000, 612000, 456.44, 179.650, 2.191, 380.22, micro2
micro2_nginx_c_830, nginx/1.4.6, 54.187.208.239, 612, 83, 2.915, 1000, 0, 853000, 612000, 343.11, 241.908, 2.915, 285.81, micro2
micro2_nginx_c_840, nginx/1.4.6, 54.187.208.239, 612, 84, 2.707, 1000, 0, 853000, 612000, 369.40, 227.393, 2.707, 307.72, micro2
micro2_nginx_c_850, nginx/1.4.6, 54.187.208.239, 612, 85, 2.133, 1000, 0, 853000, 612000, 468.90, 181.277, 2.133, 390.59, micro2
micro2_nginx_c_860, nginx/1.4.6, 54.187.208.239, 612, 86, 0.439, 1000, 0, 853000, 612000, 2279.08, 37.735, 0.439, 1898.49, micro2
micro2_nginx_c_870, nginx/1.4.6, 54.187.208.239, 612, 87, 2.588, 1000, 0, 853000, 612000, 386.44, 225.133, 2.588, 321.91, micro2
micro2_nginx_c_880, nginx/1.4.6, 54.187.208.239, 612, 88, 7.843, 1000, 0, 853000, 612000, 127.50, 690.198, 7.843, 106.21, micro2
micro2_nginx_c_890, nginx/1.4.6, 54.187.208.239, 612, 89, 12.519, 1000, 0, 853000, 612000, 79.88, 1114.226, 12.519, 66.54, micro2
micro2_nginx_c_90, nginx/1.4.6, 54.187.208.239, 612, 9, 11.580, 1000, 0, 853000, 612000, 86.35, 104.223, 11.580, 71.93, micro2
micro2_nginx_c_900, nginx/1.4.6, 54.187.208.239, 612, 90, 2.885, 1000, 0, 853000, 612000, 346.65, 259.625, 2.885, 288.77, micro2
micro2_nginx_c_910, nginx/1.4.6, 54.187.208.239, 612, 91, 2.515, 1000, 0, 853000, 612000, 397.69, 228.821, 2.515, 331.28, micro2
micro2_nginx_c_920, nginx/1.4.6, 54.187.208.239, 612, 92, 3.272, 1000, 0, 853000, 612000, 305.62, 301.030, 3.272, 254.58, micro2
micro2_nginx_c_930, nginx/1.4.6, 54.187.208.239, 612, 93, 0.766, 1000, 0, 853000, 612000, 1305.66, 71.228, 0.766, 1087.63, micro2
micro2_nginx_c_940, nginx/1.4.6, 54.187.208.239, 612, 94, 2.874, 1000, 0, 853000, 612000, 348.01, 270.111, 2.874, 289.89, micro2
micro2_nginx_c_950, nginx/1.4.6, 54.187.208.239, 612, 95, 2.771, 1000, 0, 853000, 612000, 360.91, 263.225, 2.771, 300.64, micro2
micro2_nginx_c_960, nginx/1.4.6, 54.187.208.239, 612, 96, 2.518, 1000, 0, 853000, 612000, 397.09, 241.758, 2.518, 330.78, micro2
micro2_nginx_c_970, nginx/1.4.6, 54.187.208.239, 612, 97, 2.115, 1000, 0, 853000, 612000, 472.91, 205.112, 2.115, 393.94, micro2
micro2_nginx_c_980, nginx/1.4.6, 54.187.208.239, 612, 98, 2.475, 1000, 0, 853000, 612000, 404.11, 242.507, 2.475, 336.63, micro2
micro2_nginx_c_990, nginx/1.4.6, 54.187.208.239, 612, 99, 2.437, 1000, 0, 853000, 612000, 410.42, 241.216, 2.437, 341.88, micro2
micro3_apache2_c_10, Apache/2.4.7, 54.200.80.169, 11510, 10, 50.168, 10000, 0, 117830000, 115100000, 199.33, 50.168, 5.017, 2293.65, micro3
micro3_apache2_c_100, Apache/2.4.7, 54.200.80.169, 11510, 100, 10.771, 10000, 0, 117830000, 115100000, 928.38, 107.714, 1.077, 10682.72, micro3
micro3_apache2_c_110, Apache/2.4.7, 54.200.80.169, 11510, 110, 16.078, 10000, 0, 117830000, 115100000, 621.98, 176.854, 1.608, 7157.06, micro3
micro3_apache2_c_120, Apache/2.4.7, 54.200.80.169, 11510, 120, 13.112, 10000, 0, 117830000, 115100000, 762.68, 157.340, 1.311, 8776.02, micro3
micro3_apache2_c_130, Apache/2.4.7, 54.200.80.169, 11510, 130, 12.507, 10000, 0, 117830000, 115100000, 799.55, 162.591, 1.251, 9200.30, micro3
micro3_apache2_c_140, Apache/2.4.7, 54.200.80.169, 11510, 140, 13.962, 10000, 0, 117830000, 115100000, 716.21, 195.474, 1.396, 8241.28, micro3
micro3_apache2_c_150, Apache/2.4.7, 54.200.80.169, 11510, 150, 26.403, 10000, 0, 117830000, 115100000, 378.74, 396.052, 2.640, 4358.07, micro3
micro3_apache2_c_160, Apache/2.4.7, 54.200.80.169, 11510, 160, 26.264, 10000, 0, 117830000, 115100000, 380.75, 420.225, 2.626, 4381.21, micro3
micro3_apache2_c_170, Apache/2.4.7, 54.200.80.169, 11510, 170, 17.971, 10000, 0, 117830000, 115100000, 556.45, 305.510, 1.797, 6402.93, micro3
micro3_apache2_c_180, Apache/2.4.7, 54.200.80.169, 11510, 180, 18.247, 10000, 0, 117830000, 115100000, 548.03, 328.446, 1.825, 6306.15, micro3
micro3_apache2_c_190, Apache/2.4.7, 54.200.80.169, 11510, 190, 10.431, 10000, 0, 117830000, 115100000, 958.69, 198.186, 1.043, 11031.53, micro3
micro3_apache2_c_20, Apache/2.4.7, 54.200.80.169, 11510, 20, 38.492, 10000, 0, 117830000, 115100000, 259.79, 76.984, 3.849, 2989.41, micro3
micro3_apache2_c_200, Apache/2.4.7, 54.200.80.169, 11510, 200, 21.466, 10000, 0, 117830000, 115100000, 465.86, 429.313, 2.147, 5360.58, micro3
micro3_apache2_c_210, Apache/2.4.7, 54.200.80.169, 11510, 210, 13.478, 10000, 0, 117830000, 115100000, 741.93, 283.047, 1.348, 8537.23, micro3
micro3_apache2_c_220, Apache/2.4.7, 54.200.80.169, 11510, 220, 10.581, 10000, 0, 117830000, 115100000, 945.07, 232.788, 1.058, 10874.71, micro3
micro3_apache2_c_230, Apache/2.4.7, 54.200.80.169, 11510, 230, 10.793, 10000, 0, 117830000, 115100000, 926.54, 248.234, 1.079, 10661.60, micro3
micro3_apache2_c_240, Apache/2.4.7, 54.200.80.169, 11510, 240, 21.948, 10000, 0, 117830000, 115100000, 455.62, 526.754, 2.195, 5242.75, micro3
micro3_apache2_c_250, Apache/2.4.7, 54.200.80.169, 11510, 250, 12.017, 10000, 0, 117830000, 115100000, 832.17, 300.419, 1.202, 9575.67, micro3
micro3_apache2_c_260, Apache/2.4.7, 54.200.80.169, 11510, 260, 12.241, 10000, 0, 117830000, 115100000, 816.94, 318.262, 1.224, 9400.36, micro3
micro3_apache2_c_270, Apache/2.4.7, 54.200.80.169, 11510, 270, 11.362, 10000, 0, 117830000, 115100000, 880.09, 306.786, 1.136, 10127.08, micro3
micro3_apache2_c_280, Apache/2.4.7, 54.200.80.169, 11510, 280, 10.731, 10000, 0, 117830000, 115100000, 931.86, 300.475, 1.073, 10722.72, micro3
micro3_apache2_c_290, Apache/2.4.7, 54.200.80.169, 11510, 290, 16.546, 10000, 0, 117830000, 115100000, 604.37, 479.837, 1.655, 6954.41, micro3
micro3_apache2_c_30, Apache/2.4.7, 54.200.80.169, 11510, 30, 51.984, 10000, 0, 117830000, 115100000, 192.37, 155.951, 5.198, 2213.54, micro3
micro3_apache2_c_300, Apache/2.4.7, 54.200.80.169, 11510, 300, 14.730, 10000, 0, 117830000, 115100000, 678.87, 441.911, 1.473, 7811.64, micro3
micro3_apache2_c_310, Apache/2.4.7, 54.200.80.169, 11510, 310, 14.096, 10000, 0, 117830000, 115100000, 709.43, 436.968, 1.410, 8163.34, micro3
micro3_apache2_c_320, Apache/2.4.7, 54.200.80.169, 11510, 320, 13.294, 10000, 0, 117830000, 115100000, 752.19, 425.423, 1.329, 8655.36, micro3
micro3_apache2_c_330, Apache/2.4.7, 54.200.80.169, 11510, 330, 11.792, 10000, 0, 117830000, 115100000, 848.02, 389.140, 1.179, 9758.07, micro3
micro3_apache2_c_340, Apache/2.4.7, 54.200.80.169, 11510, 340, 11.674, 10000, 0, 117830000, 115100000, 856.63, 396.906, 1.167, 9857.06, micro3
micro3_apache2_c_350, Apache/2.4.7, 54.200.80.169, 11510, 350, 11.411, 10000, 0, 117830000, 115100000, 876.32, 399.397, 1.141, 10083.68, micro3
micro3_apache2_c_360, Apache/2.4.7, 54.200.80.169, 11510, 360, 12.568, 10000, 0, 117830000, 115100000, 795.68, 452.444, 1.257, 9155.75, micro3
micro3_apache2_c_370, Apache/2.4.7, 54.200.80.169, 11510, 370, 19.953, 10000, 0, 117830000, 115100000, 501.17, 738.267, 1.995, 5766.93, micro3
micro3_apache2_c_380, Apache/2.4.7, 54.200.80.169, 11510, 380, 19.550, 10000, 0, 117830000, 115100000, 511.52, 742.882, 1.955, 5885.99, micro3
micro3_apache2_c_390, Apache/2.4.7, 54.200.80.169, 11510, 390, 10.693, 10000, 0, 117830000, 115100000, 935.15, 417.046, 1.069, 10760.61, micro3
micro3_apache2_c_40, Apache/2.4.7, 54.200.80.169, 11510, 40, 50.727, 10000, 0, 117830000, 115100000, 197.13, 202.908, 5.073, 2268.39, micro3
micro3_apache2_c_400, Apache/2.4.7, 54.200.80.169, 11510, 400, 10.658, 10000, 0, 117830000, 115100000, 938.24, 426.328, 1.066, 10796.22, micro3
micro3_apache2_c_410, Apache/2.4.7, 54.200.80.169, 11510, 410, 11.127, 10000, 0, 117830000, 115100000, 898.74, 456.193, 1.113, 10341.69, micro3
micro3_apache2_c_420, Apache/2.4.7, 54.200.80.169, 11510, 420, 10.626, 10000, 0, 117830000, 115100000, 941.08, 446.298, 1.063, 10828.81, micro3
micro3_apache2_c_430, Apache/2.4.7, 54.200.80.169, 11510, 430, 10.572, 10000, 0, 117830000, 115100000, 945.93, 454.578, 1.057, 10884.68, micro3
micro3_apache2_c_440, Apache/2.4.7, 54.200.80.169, 11510, 440, 10.609, 10000, 0, 117830000, 115100000, 942.58, 466.802, 1.061, 10846.15, micro3
micro3_apache2_c_450, Apache/2.4.7, 54.200.80.169, 11510, 450, 12.448, 10000, 0, 117830000, 115100000, 803.31, 560.180, 1.245, 9243.60, micro3
micro3_apache2_c_460, Apache/2.4.7, 54.200.80.169, 11510, 460, 10.598, 10000, 0, 117830000, 115100000, 943.55, 487.519, 1.060, 10857.31, micro3
micro3_apache2_c_470, Apache/2.4.7, 54.200.80.169, 11510, 470, 10.479, 10000, 0, 117830000, 115100000, 954.25, 492.534, 1.048, 10980.38, micro3
micro3_apache2_c_480, Apache/2.4.7, 54.200.80.169, 11510, 480, 11.213, 10000, 0, 117830000, 115100000, 891.79, 538.246, 1.121, 10261.63, micro3
micro3_apache2_c_490, Apache/2.4.7, 54.200.80.169, 11510, 490, 11.179, 10000, 0, 117830000, 115100000, 894.53, 547.773, 1.118, 10293.23, micro3
micro3_apache2_c_50, Apache/2.4.7, 54.200.80.169, 11510, 50, 39.263, 10000, 0, 117830000, 115100000, 254.69, 196.315, 3.926, 2930.71, micro3
micro3_apache2_c_500, Apache/2.4.7, 54.200.80.169, 11510, 500, 12.077, 10000, 0, 117830000, 115100000, 828.00, 603.867, 1.208, 9527.62, micro3
micro3_apache2_c_510, Apache/2.4.7, 54.200.80.169, 11510, 510, 12.398, 10000, 0, 117830000, 115100000, 806.58, 632.302, 1.240, 9281.14, micro3
micro3_apache2_c_520, Apache/2.4.7, 54.200.80.169, 11510, 520, 10.716, 10000, 0, 117830000, 115100000, 933.20, 557.225, 1.072, 10738.13, micro3
micro3_apache2_c_530, Apache/2.4.7, 54.200.80.169, 11510, 530, 10.575, 10000, 0, 117830000, 115100000, 945.58, 560.500, 1.058, 10880.68, micro3
micro3_apache2_c_540, Apache/2.4.7, 54.200.80.169, 11510, 540, 10.241, 10000, 0, 117830000, 115100000, 976.45, 553.026, 1.024, 11235.81, micro3
micro3_apache2_c_550, Apache/2.4.7, 54.200.80.169, 11510, 550, 11.063, 10000, 0, 117830000, 115100000, 903.93, 608.453, 1.106, 10401.40, micro3
micro3_apache2_c_560, Apache/2.4.7, 54.200.80.169, 11510, 560, 12.105, 10000, 0, 117830000, 115100000, 826.12, 677.870, 1.210, 9505.99, micro3
micro3_apache2_c_570, Apache/2.4.7, 54.200.80.169, 11510, 570, 10.948, 10000, 0, 117830000, 115100000, 913.38, 624.057, 1.095, 10510.10, micro3
micro3_apache2_c_580, Apache/2.4.7, 54.200.80.169, 11510, 580, 10.862, 10000, 0, 117830000, 115100000, 920.67, 629.974, 1.086, 10594.03, micro3
micro3_apache2_c_590, Apache/2.4.7, 54.200.80.169, 11510, 590, 10.831, 10000, 0, 117830000, 115100000, 923.25, 639.045, 1.083, 10623.72, micro3
micro3_apache2_c_60, Apache/2.4.7, 54.200.80.169, 11510, 60, 21.518, 10000, 0, 117830000, 115100000, 464.74, 129.106, 2.152, 5347.63, micro3
micro3_apache2_c_600, Apache/2.4.7, 54.200.80.169, 11510, 600, 11.249, 10000, 0, 117830000, 115100000, 888.96, 674.948, 1.125, 10229.09, micro3
micro3_apache2_c_610, Apache/2.4.7, 54.200.80.169, 11510, 610, 12.266, 10000, 0, 117830000, 115100000, 815.29, 748.203, 1.227, 9381.37, micro3
micro3_apache2_c_620, Apache/2.4.7, 54.200.80.169, 11510, 620, 10.547, 10000, 0, 117830000, 115100000, 948.12, 653.924, 1.055, 10909.89, micro3
micro3_apache2_c_630, Apache/2.4.7, 54.200.80.169, 11510, 630, 11.149, 10000, 0, 117830000, 115100000, 896.98, 702.359, 1.115, 10321.36, micro3
micro3_apache2_c_640, Apache/2.4.7, 54.200.80.169, 11510, 640, 10.708, 10000, 0, 117830000, 115100000, 933.89, 685.306, 1.071, 10746.11, micro3
micro3_apache2_c_650, Apache/2.4.7, 54.200.80.169, 11510, 650, 10.547, 10000, 0, 117830000, 115100000, 948.14, 685.550, 1.055, 10910.13, micro3
micro3_apache2_c_660, Apache/2.4.7, 54.200.80.169, 11510, 660, 12.585, 10000, 0, 117830000, 115100000, 794.59, 830.621, 1.259, 9143.18, micro3
micro3_apache2_c_670, Apache/2.4.7, 54.200.80.169, 11510, 670, 12.027, 10000, 0, 117830000, 115100000, 831.45, 805.822, 1.203, 9567.35, micro3
micro3_apache2_c_680, Apache/2.4.7, 54.200.80.169, 11510, 680, 11.202, 10000, 0, 117830000, 115100000, 892.74, 761.702, 1.120, 10272.58, micro3
micro3_apache2_c_690, Apache/2.4.7, 54.200.80.169, 11510, 690, 10.660, 10000, 0, 117830000, 115100000, 938.12, 735.515, 1.066, 10794.78, micro3
micro3_apache2_c_70, Apache/2.4.7, 54.200.80.169, 11510, 70, 19.284, 10000, 0, 117830000, 115100000, 518.56, 134.990, 1.928, 5966.94, micro3
micro3_apache2_c_700, Apache/2.4.7, 54.200.80.169, 11510, 700, 11.558, 10000, 0, 117830000, 115100000, 865.22, 809.045, 1.156, 9955.92, micro3
micro3_apache2_c_710, Apache/2.4.7, 54.200.80.169, 11510, 710, 12.269, 10000, 0, 117830000, 115100000, 815.06, 871.097, 1.227, 9378.81, micro3
micro3_apache2_c_720, Apache/2.4.7, 54.200.80.169, 11510, 720, 13.532, 10000, 0, 117830000, 115100000, 738.97, 974.328, 1.353, 8503.22, micro3
micro3_apache2_c_730, Apache/2.4.7, 54.200.80.169, 11510, 730, 13.395, 10000, 0, 117830000, 115100000, 746.52, 977.864, 1.340, 8590.14, micro3
micro3_apache2_c_740, Apache/2.4.7, 54.200.80.169, 11510, 740, 11.106, 10000, 0, 117830000, 115100000, 900.37, 821.881, 1.111, 10360.46, micro3
micro3_apache2_c_750, Apache/2.4.7, 54.200.80.169, 11510, 750, 11.468, 10000, 0, 117830000, 115100000, 871.97, 860.124, 1.147, 10033.59, micro3
micro3_apache2_c_760, Apache/2.4.7, 54.200.80.169, 11510, 760, 13.124, 10000, 0, 117830000, 115100000, 761.96, 997.423, 1.312, 8767.79, micro3
micro3_apache2_c_770, Apache/2.4.7, 54.200.80.169, 11510, 770, 16.487, 10000, 0, 117830000, 115100000, 606.56, 1269.462, 1.649, 6979.54, micro3
micro3_apache2_c_780, Apache/2.4.7, 54.200.80.169, 11510, 780, 12.413, 10000, 0, 117830000, 115100000, 805.60, 968.222, 1.241, 9269.91, micro3
micro3_apache2_c_790, Apache/2.4.7, 54.200.80.169, 11510, 790, 19.516, 10000, 0, 117830000, 115100000, 512.41, 1541.738, 1.952, 5896.20, micro3
micro3_apache2_c_80, Apache/2.4.7, 54.200.80.169, 11510, 80, 33.110, 10000, 0, 117830000, 115100000, 302.03, 264.876, 3.311, 3475.38, micro3
micro3_apache2_c_800, Apache/2.4.7, 54.200.80.169, 11510, 800, 60.495, 10000, 0, 117830000, 115100000, 165.30, 4839.603, 6.050, 1902.11, micro3
micro3_apache2_c_870, Apache/2.4.7, 54.200.80.169, 11510, 870, 96.243, 10000, 0, 117830000, 115100000, 103.90, 8373.122, 9.624, 1195.61, micro3
micro3_apache2_c_90, Apache/2.4.7, 54.200.80.169, 11510, 90, 14.195, 10000, 0, 117830000, 115100000, 704.45, 127.758, 1.420, 8106.04, micro3
micro3_apache2_c_940, Apache/2.4.7, 54.200.80.169, 11510, 940, 36.016, 10000, 0, 117830000, 115100000, 277.65, 3385.520, 3.602, 3194.91, micro3
micro3_apache2_c_960, Apache/2.4.7, 54.200.80.169, 11510, 960, 45.756, 10000, 0, 117830000, 115100000, 218.55, 4392.570, 4.576, 2514.83, micro3
micro3_nginx_c_10, nginx/1.4.6, 54.200.80.169, 612, 1, 1.634, 1000, 0, 853000, 612000, 612.11, 1.634, 1.634, 509.89, micro3
micro3_nginx_c_100, nginx/1.4.6, 54.200.80.169, 612, 10, 0.600, 1000, 0, 853000, 612000, 1667.37, 5.997, 0.600, 1388.93, micro3
micro3_nginx_c_1000, nginx/1.4.6, 54.200.80.169, 612, 100, 0.555, 1000, 0, 853000, 612000, 1801.32, 55.515, 0.555, 1500.52, micro3
micro3_nginx_c_110, nginx/1.4.6, 54.200.80.169, 612, 11, 0.621, 1000, 0, 853000, 612000, 1610.68, 6.829, 0.621, 1341.71, micro3
micro3_nginx_c_120, nginx/1.4.6, 54.200.80.169, 612, 12, 2.527, 1000, 0, 853000, 612000, 395.74, 30.323, 2.527, 329.66, micro3
micro3_nginx_c_130, nginx/1.4.6, 54.200.80.169, 612, 13, 1.299, 1000, 0, 853000, 612000, 769.79, 16.888, 1.299, 641.24, micro3
micro3_nginx_c_140, nginx/1.4.6, 54.200.80.169, 612, 14, 1.476, 1000, 0, 853000, 612000, 677.37, 20.668, 1.476, 564.25, micro3
micro3_nginx_c_150, nginx/1.4.6, 54.200.80.169, 612, 15, 2.505, 1000, 0, 853000, 612000, 399.20, 37.575, 2.505, 332.54, micro3
micro3_nginx_c_160, nginx/1.4.6, 54.200.80.169, 612, 16, 0.604, 1000, 0, 853000, 612000, 1656.29, 9.660, 0.604, 1379.70, micro3
micro3_nginx_c_170, nginx/1.4.6, 54.200.80.169, 612, 17, 0.611, 1000, 0, 853000, 612000, 1636.07, 10.391, 0.611, 1362.86, micro3
micro3_nginx_c_180, nginx/1.4.6, 54.200.80.169, 612, 18, 0.595, 1000, 0, 853000, 612000, 1681.70, 10.703, 0.595, 1400.87, micro3
micro3_nginx_c_190, nginx/1.4.6, 54.200.80.169, 612, 19, 0.604, 1000, 0, 853000, 612000, 1656.39, 11.471, 0.604, 1379.78, micro3
micro3_nginx_c_20, nginx/1.4.6, 54.200.80.169, 612, 2, 1.578, 1000, 0, 853000, 612000, 633.67, 3.156, 1.578, 527.85, micro3
micro3_nginx_c_210, nginx/1.4.6, 54.200.80.169, 612, 21, 8.441, 1000, 0, 853000, 612000, 118.47, 177.263, 8.441, 98.68, micro3
micro3_nginx_c_220, nginx/1.4.6, 54.200.80.169, 612, 22, 0.626, 1000, 0, 853000, 612000, 1597.21, 13.774, 0.626, 1330.49, micro3
micro3_nginx_c_230, nginx/1.4.6, 54.200.80.169, 612, 23, 0.590, 1000, 0, 853000, 612000, 1695.96, 13.562, 0.590, 1412.75, micro3
micro3_nginx_c_240, nginx/1.4.6, 54.200.80.169, 612, 24, 0.590, 1000, 0, 853000, 612000, 1693.92, 14.168, 0.590, 1411.05, micro3
micro3_nginx_c_250, nginx/1.4.6, 54.200.80.169, 612, 25, 0.616, 1000, 0, 853000, 612000, 1624.43, 15.390, 0.616, 1353.16, micro3
micro3_nginx_c_260, nginx/1.4.6, 54.200.80.169, 612, 26, 0.606, 1000, 0, 853000, 612000, 1651.20, 15.746, 0.606, 1375.47, micro3
micro3_nginx_c_270, nginx/1.4.6, 54.200.80.169, 612, 27, 0.592, 1000, 0, 853000, 612000, 1689.75, 15.979, 0.592, 1407.58, micro3
micro3_nginx_c_280, nginx/1.4.6, 54.200.80.169, 612, 28, 0.611, 1000, 0, 853000, 612000, 1637.92, 17.095, 0.611, 1364.40, micro3
micro3_nginx_c_290, nginx/1.4.6, 54.200.80.169, 612, 29, 0.724, 1000, 0, 853000, 612000, 1381.32, 20.994, 0.724, 1150.65, micro3
micro3_nginx_c_30, nginx/1.4.6, 54.200.80.169, 612, 3, 0.695, 1000, 0, 853000, 612000, 1439.43, 2.084, 0.695, 1199.06, micro3
micro3_nginx_c_300, nginx/1.4.6, 54.200.80.169, 612, 30, 0.642, 1000, 0, 853000, 612000, 1557.80, 19.258, 0.642, 1297.66, micro3
micro3_nginx_c_310, nginx/1.4.6, 54.200.80.169, 612, 31, 0.647, 1000, 0, 853000, 612000, 1546.52, 20.045, 0.647, 1288.26, micro3
micro3_nginx_c_320, nginx/1.4.6, 54.200.80.169, 612, 32, 0.631, 1000, 0, 853000, 612000, 1585.07, 20.188, 0.631, 1320.37, micro3
micro3_nginx_c_330, nginx/1.4.6, 54.200.80.169, 612, 33, 0.595, 1000, 0, 853000, 612000, 1680.94, 19.632, 0.595, 1400.24, micro3
micro3_nginx_c_340, nginx/1.4.6, 54.200.80.169, 612, 34, 0.590, 1000, 0, 853000, 612000, 1695.02, 20.059, 0.590, 1411.96, micro3
micro3_nginx_c_350, nginx/1.4.6, 54.200.80.169, 612, 35, 0.651, 1000, 0, 853000, 612000, 1535.78, 22.790, 0.651, 1279.32, micro3
micro3_nginx_c_370, nginx/1.4.6, 54.200.80.169, 612, 37, 0.670, 1000, 0, 853000, 612000, 1493.53, 24.773, 0.670, 1244.13, micro3
micro3_nginx_c_380, nginx/1.4.6, 54.200.80.169, 612, 38, 0.607, 1000, 0, 853000, 612000, 1647.06, 23.071, 0.607, 1372.01, micro3
micro3_nginx_c_390, nginx/1.4.6, 54.200.80.169, 612, 39, 0.726, 1000, 0, 853000, 612000, 1377.76, 28.307, 0.726, 1147.69, micro3
micro3_nginx_c_40, nginx/1.4.6, 54.200.80.169, 612, 4, 0.635, 1000, 0, 853000, 612000, 1575.20, 2.539, 0.635, 1312.16, micro3
micro3_nginx_c_400, nginx/1.4.6, 54.200.80.169, 612, 40, 0.576, 1000, 0, 853000, 612000, 1737.10, 23.027, 0.576, 1447.02, micro3
micro3_nginx_c_410, nginx/1.4.6, 54.200.80.169, 612, 41, 0.604, 1000, 0, 853000, 612000, 1656.97, 24.744, 0.604, 1380.27, micro3
micro3_nginx_c_420, nginx/1.4.6, 54.200.80.169, 612, 42, 0.552, 1000, 0, 853000, 612000, 1811.33, 23.187, 0.552, 1508.85, micro3
micro3_nginx_c_430, nginx/1.4.6, 54.200.80.169, 612, 43, 0.581, 1000, 0, 853000, 612000, 1720.51, 24.993, 0.581, 1433.20, micro3
micro3_nginx_c_440, nginx/1.4.6, 54.200.80.169, 612, 44, 0.599, 1000, 0, 853000, 612000, 1669.70, 26.352, 0.599, 1390.87, micro3
micro3_nginx_c_450, nginx/1.4.6, 54.200.80.169, 612, 45, 0.603, 1000, 0, 853000, 612000, 1659.04, 27.124, 0.603, 1381.99, micro3
micro3_nginx_c_460, nginx/1.4.6, 54.200.80.169, 612, 46, 0.664, 1000, 0, 853000, 612000, 1505.11, 30.563, 0.664, 1253.77, micro3
micro3_nginx_c_470, nginx/1.4.6, 54.200.80.169, 612, 47, 0.654, 1000, 0, 853000, 612000, 1528.65, 30.746, 0.654, 1273.38, micro3
micro3_nginx_c_480, nginx/1.4.6, 54.200.80.169, 612, 48, 0.575, 1000, 0, 853000, 612000, 1737.98, 27.618, 0.575, 1447.75, micro3
micro3_nginx_c_490, nginx/1.4.6, 54.200.80.169, 612, 49, 0.578, 1000, 0, 853000, 612000, 1731.15, 28.305, 0.578, 1442.06, micro3
micro3_nginx_c_500, nginx/1.4.6, 54.200.80.169, 612, 50, 0.550, 1000, 0, 853000, 612000, 1819.42, 27.481, 0.550, 1515.59, micro3
micro3_nginx_c_510, nginx/1.4.6, 54.200.80.169, 612, 51, 0.552, 1000, 0, 853000, 612000, 1810.23, 28.173, 0.552, 1507.94, micro3
micro3_nginx_c_520, nginx/1.4.6, 54.200.80.169, 612, 52, 0.557, 1000, 0, 853000, 612000, 1796.75, 28.941, 0.557, 1496.71, micro3
micro3_nginx_c_530, nginx/1.4.6, 54.200.80.169, 612, 53, 0.544, 1000, 0, 853000, 612000, 1838.19, 28.833, 0.544, 1531.23, micro3
micro3_nginx_c_540, nginx/1.4.6, 54.200.80.169, 612, 54, 0.543, 1000, 0, 853000, 612000, 1843.19, 29.297, 0.543, 1535.39, micro3
micro3_nginx_c_550, nginx/1.4.6, 54.200.80.169, 612, 55, 0.739, 1000, 0, 853000, 612000, 1353.52, 40.635, 0.739, 1127.49, micro3
micro3_nginx_c_560, nginx/1.4.6, 54.200.80.169, 612, 56, 0.643, 1000, 0, 853000, 612000, 1556.11, 35.987, 0.643, 1296.25, micro3
micro3_nginx_c_570, nginx/1.4.6, 54.200.80.169, 612, 57, 0.546, 1000, 0, 853000, 612000, 1830.79, 31.134, 0.546, 1525.06, micro3
micro3_nginx_c_580, nginx/1.4.6, 54.200.80.169, 612, 58, 0.562, 1000, 0, 853000, 612000, 1779.89, 32.586, 0.562, 1482.66, micro3
micro3_nginx_c_590, nginx/1.4.6, 54.200.80.169, 612, 59, 0.551, 1000, 0, 853000, 612000, 1814.39, 32.518, 0.551, 1511.40, micro3
micro3_nginx_c_600, nginx/1.4.6, 54.200.80.169, 612, 60, 0.542, 1000, 0, 853000, 612000, 1845.19, 32.517, 0.542, 1537.05, micro3
micro3_nginx_c_610, nginx/1.4.6, 54.200.80.169, 612, 61, 0.541, 1000, 0, 853000, 612000, 1846.95, 33.027, 0.541, 1538.52, micro3
micro3_nginx_c_620, nginx/1.4.6, 54.200.80.169, 612, 62, 0.546, 1000, 0, 853000, 612000, 1832.96, 33.825, 0.546, 1526.87, micro3
micro3_nginx_c_630, nginx/1.4.6, 54.200.80.169, 612, 63, 0.566, 1000, 0, 853000, 612000, 1767.60, 35.641, 0.566, 1472.43, micro3
micro3_nginx_c_640, nginx/1.4.6, 54.200.80.169, 612, 64, 0.661, 1000, 0, 853000, 612000, 1512.71, 42.308, 0.661, 1260.10, micro3
micro3_nginx_c_650, nginx/1.4.6, 54.200.80.169, 612, 65, 0.539, 1000, 0, 853000, 612000, 1855.37, 35.034, 0.539, 1545.53, micro3
micro3_nginx_c_660, nginx/1.4.6, 54.200.80.169, 612, 66, 0.540, 1000, 0, 853000, 612000, 1850.36, 35.669, 0.540, 1541.37, micro3
micro3_nginx_c_670, nginx/1.4.6, 54.200.80.169, 612, 67, 0.557, 1000, 0, 853000, 612000, 1796.69, 37.291, 0.557, 1496.66, micro3
micro3_nginx_c_680, nginx/1.4.6, 54.200.80.169, 612, 68, 0.542, 1000, 0, 853000, 612000, 1844.66, 36.863, 0.542, 1536.61, micro3
micro3_nginx_c_690, nginx/1.4.6, 54.200.80.169, 612, 69, 0.565, 1000, 0, 853000, 612000, 1770.58, 38.970, 0.565, 1474.90, micro3
micro3_nginx_c_70, nginx/1.4.6, 54.200.80.169, 612, 7, 0.610, 1000, 0, 853000, 612000, 1639.26, 4.270, 0.610, 1365.51, micro3
micro3_nginx_c_700, nginx/1.4.6, 54.200.80.169, 612, 70, 0.543, 1000, 0, 853000, 612000, 1840.47, 38.034, 0.543, 1533.12, micro3
micro3_nginx_c_710, nginx/1.4.6, 54.200.80.169, 612, 71, 0.548, 1000, 0, 853000, 612000, 1825.06, 38.903, 0.548, 1520.29, micro3
micro3_nginx_c_720, nginx/1.4.6, 54.200.80.169, 612, 72, 0.558, 1000, 0, 853000, 612000, 1791.60, 40.188, 0.558, 1492.41, micro3
micro3_nginx_c_730, nginx/1.4.6, 54.200.80.169, 612, 73, 0.540, 1000, 0, 853000, 612000, 1851.69, 39.423, 0.540, 1542.48, micro3
micro3_nginx_c_740, nginx/1.4.6, 54.200.80.169, 612, 74, 0.541, 1000, 0, 853000, 612000, 1847.27, 40.059, 0.541, 1538.79, micro3
micro3_nginx_c_750, nginx/1.4.6, 54.200.80.169, 612, 75, 0.554, 1000, 0, 853000, 612000, 1804.76, 41.557, 0.554, 1503.38, micro3
micro3_nginx_c_760, nginx/1.4.6, 54.200.80.169, 612, 76, 0.550, 1000, 0, 853000, 612000, 1818.13, 41.801, 0.550, 1514.52, micro3
micro3_nginx_c_770, nginx/1.4.6, 54.200.80.169, 612, 77, 0.557, 1000, 0, 853000, 612000, 1794.06, 42.919, 0.557, 1494.46, micro3
micro3_nginx_c_780, nginx/1.4.6, 54.200.80.169, 612, 78, 0.536, 1000, 0, 853000, 612000, 1866.65, 41.786, 0.536, 1554.93, micro3
micro3_nginx_c_790, nginx/1.4.6, 54.200.80.169, 612, 79, 0.557, 1000, 0, 853000, 612000, 1795.17, 44.007, 0.557, 1495.39, micro3
micro3_nginx_c_80, nginx/1.4.6, 54.200.80.169, 612, 8, 0.622, 1000, 0, 853000, 612000, 1606.65, 4.979, 0.622, 1338.35, micro3
micro3_nginx_c_800, nginx/1.4.6, 54.200.80.169, 612, 80, 0.545, 1000, 0, 853000, 612000, 1835.87, 43.576, 0.545, 1529.30, micro3
micro3_nginx_c_810, nginx/1.4.6, 54.200.80.169, 612, 81, 0.565, 1000, 0, 853000, 612000, 1770.68, 45.745, 0.565, 1474.99, micro3
micro3_nginx_c_820, nginx/1.4.6, 54.200.80.169, 612, 82, 0.558, 1000, 0, 853000, 612000, 1792.75, 45.740, 0.558, 1493.38, micro3
micro3_nginx_c_830, nginx/1.4.6, 54.200.80.169, 612, 83, 0.574, 1000, 0, 853000, 612000, 1742.06, 47.645, 0.574, 1451.15, micro3
micro3_nginx_c_840, nginx/1.4.6, 54.200.80.169, 612, 84, 0.580, 1000, 0, 853000, 612000, 1722.80, 48.758, 0.580, 1435.10, micro3
micro3_nginx_c_850, nginx/1.4.6, 54.200.80.169, 612, 85, 0.558, 1000, 0, 853000, 612000, 1792.45, 47.421, 0.558, 1493.12, micro3
micro3_nginx_c_860, nginx/1.4.6, 54.200.80.169, 612, 86, 0.542, 1000, 0, 853000, 612000, 1845.89, 46.590, 0.542, 1537.64, micro3
micro3_nginx_c_870, nginx/1.4.6, 54.200.80.169, 612, 87, 0.535, 1000, 0, 853000, 612000, 1869.50, 46.536, 0.535, 1557.31, micro3
micro3_nginx_c_880, nginx/1.4.6, 54.200.80.169, 612, 88, 0.568, 1000, 0, 853000, 612000, 1761.57, 49.956, 0.568, 1467.40, micro3
micro3_nginx_c_890, nginx/1.4.6, 54.200.80.169, 612, 89, 0.566, 1000, 0, 853000, 612000, 1766.86, 50.372, 0.566, 1471.81, micro3
micro3_nginx_c_90, nginx/1.4.6, 54.200.80.169, 612, 9, 0.655, 1000, 0, 853000, 612000, 1527.00, 5.894, 0.655, 1272.00, micro3
micro3_nginx_c_900, nginx/1.4.6, 54.200.80.169, 612, 90, 0.542, 1000, 0, 853000, 612000, 1844.60, 48.791, 0.542, 1536.56, micro3
micro3_nginx_c_910, nginx/1.4.6, 54.200.80.169, 612, 91, 0.546, 1000, 0, 853000, 612000, 1830.72, 49.707, 0.546, 1525.00, micro3
micro3_nginx_c_920, nginx/1.4.6, 54.200.80.169, 612, 92, 0.562, 1000, 0, 853000, 612000, 1779.57, 51.698, 0.562, 1482.40, micro3
micro3_nginx_c_930, nginx/1.4.6, 54.200.80.169, 612, 93, 0.541, 1000, 0, 853000, 612000, 1848.30, 50.316, 0.541, 1539.65, micro3
micro3_nginx_c_940, nginx/1.4.6, 54.200.80.169, 612, 94, 0.571, 1000, 0, 853000, 612000, 1751.74, 53.661, 0.571, 1459.21, micro3
micro3_nginx_c_950, nginx/1.4.6, 54.200.80.169, 612, 95, 0.585, 1000, 0, 853000, 612000, 1708.91, 55.591, 0.585, 1423.54, micro3
micro3_nginx_c_960, nginx/1.4.6, 54.200.80.169, 612, 96, 0.567, 1000, 0, 853000, 612000, 1764.39, 54.410, 0.567, 1469.75, micro3
micro3_nginx_c_970, nginx/1.4.6, 54.200.80.169, 612, 97, 0.557, 1000, 0, 853000, 612000, 1796.48, 53.994, 0.557, 1496.48, micro3
micro3_nginx_c_980, nginx/1.4.6, 54.200.80.169, 612, 98, 0.556, 1000, 0, 853000, 612000, 1799.58, 54.457, 0.556, 1499.07, micro3
micro3_nginx_c_990, nginx/1.4.6, 54.200.80.169, 612, 99, 0.566, 1000, 0, 853000, 612000, 1768.07, 55.993, 0.566, 1472.81, micro3
nano1_apache2_c_10, Apache/2.4.7, 54.191.96.53, 11510, 10, 60.946, 10000, 0, 117830000, 115100000, 164.08, 60.946, 6.095, 1888.03, nano1
nano1_apache2_c_100, Apache/2.4.7, 54.191.96.53, 11510, 100, 33.390, 10000, 0, 117830000, 115100000, 299.50, 333.895, 3.339, 3446.24, nano1
nano1_apache2_c_110, Apache/2.4.7, 54.191.96.53, 11510, 110, 33.749, 10000, 0, 117830000, 115100000, 296.31, 371.238, 3.375, 3409.54, nano1
nano1_apache2_c_120, Apache/2.4.7, 54.191.96.53, 11510, 120, 29.608, 10000, 0, 117830000, 115100000, 337.75, 355.296, 2.961, 3886.40, nano1
nano1_apache2_c_130, Apache/2.4.7, 54.191.96.53, 11510, 130, 35.274, 10000, 0, 117830000, 115100000, 283.49, 458.563, 3.527, 3262.12, nano1
nano1_apache2_c_140, Apache/2.4.7, 54.191.96.53, 11510, 140, 14.168, 10000, 0, 117830000, 115100000, 705.83, 198.349, 1.417, 8121.81, nano1
nano1_apache2_c_150, Apache/2.4.7, 54.191.96.53, 11510, 150, 30.089, 10000, 0, 117830000, 115100000, 332.35, 451.329, 3.009, 3824.32, nano1
nano1_apache2_c_160, Apache/2.4.7, 54.191.96.53, 11510, 160, 23.134, 10000, 0, 117830000, 115100000, 432.26, 370.146, 2.313, 4973.97, nano1
nano1_apache2_c_170, Apache/2.4.7, 54.191.96.53, 11510, 170, 14.104, 10000, 0, 117830000, 115100000, 709.02, 239.768, 1.410, 8158.57, nano1
nano1_apache2_c_180, Apache/2.4.7, 54.191.96.53, 11510, 180, 32.302, 10000, 0, 117830000, 115100000, 309.58, 581.437, 3.230, 3562.26, nano1
nano1_apache2_c_190, Apache/2.4.7, 54.191.96.53, 11510, 190, 16.879, 10000, 0, 117830000, 115100000, 592.47, 320.692, 1.688, 6817.45, nano1
nano1_apache2_c_20, Apache/2.4.7, 54.191.96.53, 11510, 20, 40.711, 10000, 0, 117830000, 115100000, 245.64, 81.421, 4.071, 2826.50, nano1
nano1_apache2_c_200, Apache/2.4.7, 54.191.96.53, 11510, 200, 16.217, 10000, 0, 117830000, 115100000, 616.62, 324.349, 1.622, 7095.34, nano1
nano1_apache2_c_210, Apache/2.4.7, 54.191.96.53, 11510, 210, 15.977, 10000, 0, 117830000, 115100000, 625.90, 335.519, 1.598, 7202.08, nano1
nano1_apache2_c_220, Apache/2.4.7, 54.191.96.53, 11510, 220, 32.552, 10000, 0, 117830000, 115100000, 307.20, 716.134, 3.255, 3534.96, nano1
nano1_apache2_c_230, Apache/2.4.7, 54.191.96.53, 11510, 230, 16.043, 10000, 0, 117830000, 115100000, 623.31, 368.998, 1.604, 7172.32, nano1
nano1_apache2_c_240, Apache/2.4.7, 54.191.96.53, 11510, 240, 14.392, 10000, 0, 117830000, 115100000, 694.84, 345.402, 1.439, 7995.44, nano1
nano1_apache2_c_250, Apache/2.4.7, 54.191.96.53, 11510, 250, 15.612, 10000, 0, 117830000, 115100000, 640.54, 390.295, 1.561, 7370.60, nano1
nano1_apache2_c_260, Apache/2.4.7, 54.191.96.53, 11510, 260, 40.018, 10000, 0, 117830000, 115100000, 249.88, 1040.481, 4.002, 2875.38, nano1
nano1_apache2_c_270, Apache/2.4.7, 54.191.96.53, 11510, 270, 8.318, 10000, 0, 117830000, 115100000, 1202.17, 224.594, 0.832, 13833.19, nano1
nano1_apache2_c_280, Apache/2.4.7, 54.191.96.53, 11510, 280, 16.865, 10000, 0, 117830000, 115100000, 592.95, 472.213, 1.686, 6823.01, nano1
nano1_apache2_c_290, Apache/2.4.7, 54.191.96.53, 11510, 290, 22.814, 10000, 0, 117830000, 115100000, 438.32, 661.610, 2.281, 5043.73, nano1
nano1_apache2_c_30, Apache/2.4.7, 54.191.96.53, 11510, 30, 27.318, 10000, 0, 117830000, 115100000, 366.06, 81.953, 2.732, 4212.24, nano1
nano1_apache2_c_300, Apache/2.4.7, 54.191.96.53, 11510, 300, 30.554, 10000, 0, 117830000, 115100000, 327.29, 916.614, 3.055, 3766.09, nano1
nano1_apache2_c_310, Apache/2.4.7, 54.191.96.53, 11510, 310, 9.564, 10000, 0, 117830000, 115100000, 1045.60, 296.480, 0.956, 12031.59, nano1
nano1_apache2_c_320, Apache/2.4.7, 54.191.96.53, 11510, 320, 16.789, 10000, 0, 117830000, 115100000, 595.64, 537.235, 1.679, 6853.96, nano1
nano1_apache2_c_330, Apache/2.4.7, 54.191.96.53, 11510, 330, 17.389, 10000, 0, 117830000, 115100000, 575.08, 573.833, 1.739, 6617.36, nano1
nano1_apache2_c_340, Apache/2.4.7, 54.191.96.53, 11510, 340, 14.144, 10000, 0, 117830000, 115100000, 707.03, 480.887, 1.414, 8135.65, nano1
nano1_apache2_c_350, Apache/2.4.7, 54.191.96.53, 11510, 350, 32.553, 10000, 0, 117830000, 115100000, 307.19, 1139.348, 3.255, 3534.82, nano1
nano1_apache2_c_360, Apache/2.4.7, 54.191.96.53, 11510, 360, 16.229, 10000, 0, 117830000, 115100000, 616.17, 584.253, 1.623, 7090.18, nano1
nano1_apache2_c_370, Apache/2.4.7, 54.191.96.53, 11510, 370, 15.298, 10000, 0, 117830000, 115100000, 653.67, 566.037, 1.530, 7521.65, nano1
nano1_apache2_c_380, Apache/2.4.7, 54.191.96.53, 11510, 380, 43.546, 10000, 0, 117830000, 115100000, 229.64, 1654.741, 4.355, 2642.47, nano1
nano1_apache2_c_390, Apache/2.4.7, 54.191.96.53, 11510, 390, 7.986, 10000, 0, 117830000, 115100000, 1252.17, 311.458, 0.799, 14408.56, nano1
nano1_apache2_c_40, Apache/2.4.7, 54.191.96.53, 11510, 40, 36.368, 10000, 0, 117830000, 115100000, 274.97, 145.471, 3.637, 3164.02, nano1
nano1_apache2_c_400, Apache/2.4.7, 54.191.96.53, 11510, 400, 15.160, 10000, 0, 117830000, 115100000, 659.64, 606.387, 1.516, 7590.42, nano1
nano1_apache2_c_410, Apache/2.4.7, 54.191.96.53, 11510, 410, 26.451, 10000, 0, 117830000, 115100000, 378.05, 1084.502, 2.645, 4350.20, nano1
nano1_apache2_c_420, Apache/2.4.7, 54.191.96.53, 11510, 420, 13.182, 10000, 0, 117830000, 115100000, 758.63, 553.626, 1.318, 8729.48, nano1
nano1_apache2_c_430, Apache/2.4.7, 54.191.96.53, 11510, 430, 30.637, 10000, 0, 117830000, 115100000, 326.41, 1317.375, 3.064, 3755.91, nano1
nano1_apache2_c_440, Apache/2.4.7, 54.191.96.53, 11510, 440, 12.123, 10000, 0, 117830000, 115100000, 824.88, 533.412, 1.212, 9491.75, nano1
nano1_apache2_c_450, Apache/2.4.7, 54.191.96.53, 11510, 450, 18.286, 10000, 0, 117830000, 115100000, 546.87, 822.864, 1.829, 6292.75, nano1
nano1_apache2_c_470, Apache/2.4.7, 54.191.96.53, 11510, 470, 8.513, 10000, 0, 117830000, 115100000, 1174.64, 400.124, 0.851, 13516.35, nano1
nano1_apache2_c_480, Apache/2.4.7, 54.191.96.53, 11510, 480, 8.205, 10000, 0, 117830000, 115100000, 1218.70, 393.862, 0.821, 14023.39, nano1
nano1_apache2_c_490, Apache/2.4.7, 54.191.96.53, 11510, 490, 7.612, 10000, 0, 117830000, 115100000, 1313.74, 372.980, 0.761, 15117.04, nano1
nano1_apache2_c_50, Apache/2.4.7, 54.191.96.53, 11510, 50, 24.164, 10000, 0, 117830000, 115100000, 413.84, 120.821, 2.416, 4761.95, nano1
nano1_apache2_c_500, Apache/2.4.7, 54.191.96.53, 11510, 500, 8.235, 10000, 0, 117830000, 115100000, 1214.28, 411.768, 0.824, 13972.47, nano1
nano1_apache2_c_510, Apache/2.4.7, 54.191.96.53, 11510, 510, 9.833, 10000, 0, 117830000, 115100000, 1016.98, 501.483, 0.983, 11702.26, nano1
nano1_apache2_c_520, Apache/2.4.7, 54.191.96.53, 11510, 520, 41.368, 10000, 0, 117830000, 115100000, 241.73, 2151.157, 4.137, 2781.55, nano1
nano1_apache2_c_530, Apache/2.4.7, 54.191.96.53, 11510, 530, 8.270, 10000, 0, 117830000, 115100000, 1209.21, 438.303, 0.827, 13914.17, nano1
nano1_apache2_c_540, Apache/2.4.7, 54.191.96.53, 11510, 540, 14.461, 10000, 0, 117830000, 115100000, 691.53, 780.872, 1.446, 7957.37, nano1
nano1_apache2_c_550, Apache/2.4.7, 54.191.96.53, 11510, 550, 16.259, 10000, 0, 117830000, 115100000, 615.03, 894.259, 1.626, 7077.10, nano1
nano1_apache2_c_560, Apache/2.4.7, 54.191.96.53, 11510, 560, 20.967, 10000, 0, 117830000, 115100000, 476.93, 1174.172, 2.097, 5487.98, nano1
nano1_apache2_c_570, Apache/2.4.7, 54.191.96.53, 11510, 570, 21.983, 10000, 0, 117830000, 115100000, 454.91, 1253.004, 2.198, 5234.54, nano1
nano1_apache2_c_580, Apache/2.4.7, 54.191.96.53, 11510, 580, 27.242, 10000, 0, 117830000, 115100000, 367.07, 1580.060, 2.724, 4223.87, nano1
nano1_apache2_c_590, Apache/2.4.7, 54.191.96.53, 11510, 590, 17.943, 10000, 0, 117830000, 115100000, 557.31, 1058.654, 1.794, 6412.89, nano1
nano1_apache2_c_60, Apache/2.4.7, 54.191.96.53, 11510, 60, 29.256, 10000, 0, 117830000, 115100000, 341.81, 175.534, 2.926, 3933.20, nano1
nano1_apache2_c_600, Apache/2.4.7, 54.191.96.53, 11510, 600, 11.604, 10000, 0, 117830000, 115100000, 861.80, 696.219, 1.160, 9916.57, nano1
nano1_apache2_c_610, Apache/2.4.7, 54.191.96.53, 11510, 610, 22.899, 10000, 0, 117830000, 115100000, 436.70, 1396.825, 2.290, 5025.09, nano1
nano1_apache2_c_620, Apache/2.4.7, 54.191.96.53, 11510, 620, 22.206, 10000, 0, 117830000, 115100000, 450.33, 1376.781, 2.221, 5181.83, nano1
nano1_apache2_c_630, Apache/2.4.7, 54.191.96.53, 11510, 630, 10.391, 10000, 0, 117830000, 115100000, 962.40, 654.614, 1.039, 11074.17, nano1
nano1_apache2_c_640, Apache/2.4.7, 54.191.96.53, 11510, 640, 37.899, 10000, 0, 117830000, 115100000, 263.86, 2425.534, 3.790, 3036.19, nano1
nano1_apache2_c_650, Apache/2.4.7, 54.191.96.53, 11510, 650, 10.232, 10000, 0, 117830000, 115100000, 977.34, 665.068, 1.023, 11246.13, nano1
nano1_apache2_c_660, Apache/2.4.7, 54.191.96.53, 11510, 660, 15.939, 10000, 0, 117830000, 115100000, 627.38, 1052.001, 1.594, 7219.11, nano1
nano1_apache2_c_670, Apache/2.4.7, 54.191.96.53, 11510, 670, 52.837, 10000, 0, 117830000, 115100000, 189.26, 3540.077, 5.284, 2177.80, nano1
nano1_apache2_c_680, Apache/2.4.7, 54.191.96.53, 11510, 680, 10.394, 10000, 0, 117830000, 115100000, 962.07, 706.808, 1.039, 11070.40, nano1
nano1_apache2_c_690, Apache/2.4.7, 54.191.96.53, 11510, 690, 14.637, 10000, 0, 117830000, 115100000, 683.19, 1009.970, 1.464, 7861.34, nano1
nano1_apache2_c_70, Apache/2.4.7, 54.191.96.53, 11510, 70, 25.158, 10000, 0, 117830000, 115100000, 397.49, 176.105, 2.516, 4573.86, nano1
nano1_apache2_c_700, Apache/2.4.7, 54.191.96.53, 11510, 700, 28.348, 10000, 0, 117830000, 115100000, 352.76, 1984.342, 2.835, 4059.17, nano1
nano1_apache2_c_80, Apache/2.4.7, 54.191.96.53, 11510, 80, 30.439, 10000, 0, 117830000, 115100000, 328.52, 243.513, 3.044, 3780.28, nano1
nano1_apache2_c_90, Apache/2.4.7, 54.191.96.53, 11510, 90, 40.239, 10000, 0, 117830000, 115100000, 248.52, 362.149, 4.024, 2859.64, nano1
nano1_apache2_c_910, Apache/2.4.7, 54.191.96.53, 11510, 910, 19.069, 10000, 0, 117830000, 115100000, 524.42, 1735.245, 1.907, 6034.43, nano1
nano1_apache2_c_920, Apache/2.4.7, 54.191.96.53, 11510, 920, 23.646, 10000, 0, 117830000, 115100000, 422.90, 2175.450, 2.365, 4866.25, nano1
nano1_apache2_c_930, Apache/2.4.7, 54.191.96.53, 11510, 930, 19.491, 10000, 0, 117830000, 115100000, 513.07, 1812.624, 1.949, 5903.79, nano1
nano1_apache2_c_940, Apache/2.4.7, 54.191.96.53, 11510, 940, 11.772, 10000, 0, 117830000, 115100000, 849.48, 1106.558, 1.177, 9774.84, nano1
nano1_apache2_c_950, Apache/2.4.7, 54.191.96.53, 11510, 950, 18.816, 10000, 0, 117830000, 115100000, 531.45, 1787.548, 1.882, 6115.36, nano1
nano1_apache2_c_960, Apache/2.4.7, 54.191.96.53, 11510, 960, 15.358, 10000, 0, 117830000, 115100000, 651.14, 1474.346, 1.536, 7492.51, nano1
nano1_apache2_c_970, Apache/2.4.7, 54.191.96.53, 11510, 970, 36.162, 10000, 0, 117830000, 115100000, 276.54, 3507.677, 3.616, 3182.06, nano1
nano1_nginx_c_100, nginx/1.4.6, 54.191.96.53, 612, 10, 0.728, 1000, 0, 853000, 612000, 1372.82, 7.284, 0.728, 1143.57, nano1
nano1_nginx_c_1000, nginx/1.4.6, 54.191.96.53, 612, 100, 5.168, 1000, 0, 853000, 612000, 193.48, 516.846, 5.168, 161.17, nano1
nano1_nginx_c_110, nginx/1.4.6, 54.191.96.53, 612, 11, 0.623, 1000, 0, 853000, 612000, 1604.80, 6.854, 0.623, 1336.81, nano1
nano1_nginx_c_120, nginx/1.4.6, 54.191.96.53, 612, 12, 0.627, 1000, 0, 853000, 612000, 1595.85, 7.519, 0.627, 1329.36, nano1
nano1_nginx_c_130, nginx/1.4.6, 54.191.96.53, 612, 13, 0.688, 1000, 0, 853000, 612000, 1454.08, 8.940, 0.688, 1211.26, nano1
nano1_nginx_c_140, nginx/1.4.6, 54.191.96.53, 612, 14, 0.671, 1000, 0, 853000, 612000, 1489.33, 9.400, 0.671, 1240.63, nano1
nano1_nginx_c_150, nginx/1.4.6, 54.191.96.53, 612, 15, 0.667, 1000, 0, 853000, 612000, 1500.13, 9.999, 0.667, 1249.62, nano1
nano1_nginx_c_160, nginx/1.4.6, 54.191.96.53, 612, 16, 3.984, 1000, 0, 853000, 612000, 250.98, 63.751, 3.984, 209.07, nano1
nano1_nginx_c_170, nginx/1.4.6, 54.191.96.53, 612, 17, 7.349, 1000, 0, 853000, 612000, 136.07, 124.937, 7.349, 113.35, nano1
nano1_nginx_c_180, nginx/1.4.6, 54.191.96.53, 612, 18, 9.437, 1000, 0, 853000, 612000, 105.96, 169.873, 9.437, 88.27, nano1
nano1_nginx_c_190, nginx/1.4.6, 54.191.96.53, 612, 19, 6.626, 1000, 0, 853000, 612000, 150.91, 125.902, 6.626, 125.71, nano1
nano1_nginx_c_200, nginx/1.4.6, 54.191.96.53, 612, 20, 5.287, 1000, 0, 853000, 612000, 189.15, 105.736, 5.287, 157.56, nano1
nano1_nginx_c_210, nginx/1.4.6, 54.191.96.53, 612, 21, 18.321, 1000, 0, 853000, 612000, 54.58, 384.733, 18.321, 45.47, nano1
nano1_nginx_c_220, nginx/1.4.6, 54.191.96.53, 612, 22, 8.385, 1000, 0, 853000, 612000, 119.27, 184.460, 8.385, 99.35, nano1
nano1_nginx_c_230, nginx/1.4.6, 54.191.96.53, 612, 23, 0.497, 1000, 0, 853000, 612000, 2014.05, 11.420, 0.497, 1677.72, nano1
nano1_nginx_c_240, nginx/1.4.6, 54.191.96.53, 612, 24, 0.510, 1000, 0, 853000, 612000, 1959.67, 12.247, 0.510, 1632.42, nano1
nano1_nginx_c_250, nginx/1.4.6, 54.191.96.53, 612, 25, 0.496, 1000, 0, 853000, 612000, 2015.95, 12.401, 0.496, 1679.30, nano1
nano1_nginx_c_260, nginx/1.4.6, 54.191.96.53, 612, 26, 1.074, 1000, 0, 853000, 612000, 931.33, 27.917, 1.074, 775.81, nano1
nano1_nginx_c_270, nginx/1.4.6, 54.191.96.53, 612, 27, 9.392, 1000, 0, 853000, 612000, 106.47, 253.593, 9.392, 88.69, nano1
nano1_nginx_c_280, nginx/1.4.6, 54.191.96.53, 612, 28, 4.996, 1000, 0, 853000, 612000, 200.15, 139.896, 4.996, 166.73, nano1
nano1_nginx_c_290, nginx/1.4.6, 54.191.96.53, 612, 29, 0.367, 1000, 0, 853000, 612000, 2724.47, 10.644, 0.367, 2269.50, nano1
nano1_nginx_c_30, nginx/1.4.6, 54.191.96.53, 612, 3, 57.236, 1000, 0, 853000, 612000, 17.47, 171.707, 57.236, 14.55, nano1
nano1_nginx_c_300, nginx/1.4.6, 54.191.96.53, 612, 30, 8.508, 1000, 0, 853000, 612000, 117.54, 255.233, 8.508, 97.91, nano1
nano1_nginx_c_310, nginx/1.4.6, 54.191.96.53, 612, 31, 7.414, 1000, 0, 853000, 612000, 134.88, 229.836, 7.414, 112.36, nano1
nano1_nginx_c_320, nginx/1.4.6, 54.191.96.53, 612, 32, 0.348, 1000, 0, 853000, 612000, 2877.65, 11.120, 0.348, 2397.10, nano1
nano1_nginx_c_330, nginx/1.4.6, 54.191.96.53, 612, 33, 4.780, 1000, 0, 853000, 612000, 209.22, 157.729, 4.780, 174.28, nano1
nano1_nginx_c_340, nginx/1.4.6, 54.191.96.53, 612, 34, 8.853, 1000, 0, 853000, 612000, 112.96, 300.986, 8.853, 94.10, nano1
nano1_nginx_c_350, nginx/1.4.6, 54.191.96.53, 612, 35, 2.460, 1000, 0, 853000, 612000, 406.53, 86.094, 2.460, 338.64, nano1
nano1_nginx_c_360, nginx/1.4.6, 54.191.96.53, 612, 36, 0.758, 1000, 0, 853000, 612000, 1319.99, 27.273, 0.758, 1099.56, nano1
nano1_nginx_c_370, nginx/1.4.6, 54.191.96.53, 612, 37, 8.811, 1000, 0, 853000, 612000, 113.49, 326.008, 8.811, 94.54, nano1
nano1_nginx_c_380, nginx/1.4.6, 54.191.96.53, 612, 38, 7.138, 1000, 0, 853000, 612000, 140.10, 271.241, 7.138, 116.70, nano1
nano1_nginx_c_390, nginx/1.4.6, 54.191.96.53, 612, 39, 0.413, 1000, 0, 853000, 612000, 2419.13, 16.121, 0.413, 2015.16, nano1
nano1_nginx_c_40, nginx/1.4.6, 54.191.96.53, 612, 4, 8.818, 1000, 0, 853000, 612000, 113.41, 35.272, 8.818, 94.47, nano1
nano1_nginx_c_400, nginx/1.4.6, 54.191.96.53, 612, 40, 0.390, 1000, 0, 853000, 612000, 2563.37, 15.604, 0.390, 2135.31, nano1
nano1_nginx_c_410, nginx/1.4.6, 54.191.96.53, 612, 41, 3.520, 1000, 0, 853000, 612000, 284.11, 144.309, 3.520, 236.67, nano1
nano1_nginx_c_420, nginx/1.4.6, 54.191.96.53, 612, 42, 8.354, 1000, 0, 853000, 612000, 119.70, 350.870, 8.354, 99.71, nano1
nano1_nginx_c_430, nginx/1.4.6, 54.191.96.53, 612, 43, 3.642, 1000, 0, 853000, 612000, 274.55, 156.621, 3.642, 228.70, nano1
nano1_nginx_c_440, nginx/1.4.6, 54.191.96.53, 612, 44, 0.373, 1000, 0, 853000, 612000, 2682.71, 16.401, 0.373, 2234.72, nano1
nano1_nginx_c_450, nginx/1.4.6, 54.191.96.53, 612, 45, 0.387, 1000, 0, 853000, 612000, 2582.08, 17.428, 0.387, 2150.90, nano1
nano1_nginx_c_460, nginx/1.4.6, 54.191.96.53, 612, 46, 0.364, 1000, 0, 853000, 612000, 2747.14, 16.745, 0.364, 2288.39, nano1
nano1_nginx_c_470, nginx/1.4.6, 54.191.96.53, 612, 47, 4.273, 1000, 0, 853000, 612000, 234.02, 200.838, 4.273, 194.94, nano1
nano1_nginx_c_480, nginx/1.4.6, 54.191.96.53, 612, 48, 7.122, 1000, 0, 853000, 612000, 140.40, 341.872, 7.122, 116.96, nano1
nano1_nginx_c_490, nginx/1.4.6, 54.191.96.53, 612, 49, 4.196, 1000, 0, 853000, 612000, 238.32, 205.602, 4.196, 198.53, nano1
nano1_nginx_c_50, nginx/1.4.6, 54.191.96.53, 612, 5, 25.583, 1000, 0, 853000, 612000, 39.09, 127.913, 25.583, 32.56, nano1
nano1_nginx_c_500, nginx/1.4.6, 54.191.96.53, 612, 50, 0.366, 1000, 0, 853000, 612000, 2730.13, 18.314, 0.366, 2274.22, nano1
nano1_nginx_c_510, nginx/1.4.6, 54.191.96.53, 612, 51, 2.860, 1000, 0, 853000, 612000, 349.63, 145.868, 2.860, 291.25, nano1
nano1_nginx_c_520, nginx/1.4.6, 54.191.96.53, 612, 52, 4.372, 1000, 0, 853000, 612000, 228.75, 227.325, 4.372, 190.55, nano1
nano1_nginx_c_530, nginx/1.4.6, 54.191.96.53, 612, 53, 0.758, 1000, 0, 853000, 612000, 1319.11, 40.179, 0.758, 1098.83, nano1
nano1_nginx_c_540, nginx/1.4.6, 54.191.96.53, 612, 54, 0.724, 1000, 0, 853000, 612000, 1381.63, 39.084, 0.724, 1150.91, nano1
nano1_nginx_c_550, nginx/1.4.6, 54.191.96.53, 612, 55, 10.995, 1000, 0, 853000, 612000, 90.95, 604.738, 10.995, 75.76, nano1
nano1_nginx_c_560, nginx/1.4.6, 54.191.96.53, 612, 56, 8.594, 1000, 0, 853000, 612000, 116.36, 481.281, 8.594, 96.93, nano1
nano1_nginx_c_570, nginx/1.4.6, 54.191.96.53, 612, 57, 4.141, 1000, 0, 853000, 612000, 241.47, 236.054, 4.141, 201.15, nano1
nano1_nginx_c_580, nginx/1.4.6, 54.191.96.53, 612, 58, 0.435, 1000, 0, 853000, 612000, 2296.33, 25.258, 0.435, 1912.86, nano1
nano1_nginx_c_590, nginx/1.4.6, 54.191.96.53, 612, 59, 0.434, 1000, 0, 853000, 612000, 2304.51, 25.602, 0.434, 1919.67, nano1
nano1_nginx_c_60, nginx/1.4.6, 54.191.96.53, 612, 6, 21.569, 1000, 0, 853000, 612000, 46.36, 129.411, 21.569, 38.62, nano1
nano1_nginx_c_600, nginx/1.4.6, 54.191.96.53, 612, 60, 0.381, 1000, 0, 853000, 612000, 2623.34, 22.872, 0.381, 2185.27, nano1
nano1_nginx_c_610, nginx/1.4.6, 54.191.96.53, 612, 61, 0.339, 1000, 0, 853000, 612000, 2947.82, 20.693, 0.339, 2455.56, nano1
nano1_nginx_c_620, nginx/1.4.6, 54.191.96.53, 612, 62, 0.337, 1000, 0, 853000, 612000, 2963.37, 20.922, 0.337, 2468.51, nano1
nano1_nginx_c_630, nginx/1.4.6, 54.191.96.53, 612, 63, 0.327, 1000, 0, 853000, 612000, 3058.51, 20.598, 0.327, 2547.76, nano1
nano1_nginx_c_640, nginx/1.4.6, 54.191.96.53, 612, 64, 0.349, 1000, 0, 853000, 612000, 2861.92, 22.363, 0.349, 2384.00, nano1
nano1_nginx_c_650, nginx/1.4.6, 54.191.96.53, 612, 65, 0.355, 1000, 0, 853000, 612000, 2813.69, 23.101, 0.355, 2343.83, nano1
nano1_nginx_c_660, nginx/1.4.6, 54.191.96.53, 612, 66, 1.985, 1000, 0, 853000, 612000, 503.81, 131.002, 1.985, 419.68, nano1
nano1_nginx_c_670, nginx/1.4.6, 54.191.96.53, 612, 67, 3.489, 1000, 0, 853000, 612000, 286.61, 233.770, 3.489, 238.75, nano1
nano1_nginx_c_680, nginx/1.4.6, 54.191.96.53, 612, 68, 7.037, 1000, 0, 853000, 612000, 142.11, 478.496, 7.037, 118.38, nano1
nano1_nginx_c_690, nginx/1.4.6, 54.191.96.53, 612, 69, 2.365, 1000, 0, 853000, 612000, 422.83, 163.186, 2.365, 352.22, nano1
nano1_nginx_c_70, nginx/1.4.6, 54.191.96.53, 612, 7, 0.584, 1000, 0, 853000, 612000, 1711.27, 4.091, 0.584, 1425.50, nano1
nano1_nginx_c_700, nginx/1.4.6, 54.191.96.53, 612, 70, 0.437, 1000, 0, 853000, 612000, 2289.80, 30.570, 0.437, 1907.42, nano1
nano1_nginx_c_710, nginx/1.4.6, 54.191.96.53, 612, 71, 0.434, 1000, 0, 853000, 612000, 2302.20, 30.840, 0.434, 1917.75, nano1
nano1_nginx_c_720, nginx/1.4.6, 54.191.96.53, 612, 72, 0.430, 1000, 0, 853000, 612000, 2323.13, 30.993, 0.430, 1935.19, nano1
nano1_nginx_c_730, nginx/1.4.6, 54.191.96.53, 612, 73, 0.429, 1000, 0, 853000, 612000, 2330.18, 31.328, 0.429, 1941.06, nano1
nano1_nginx_c_740, nginx/1.4.6, 54.191.96.53, 612, 74, 4.376, 1000, 0, 853000, 612000, 228.50, 323.852, 4.376, 190.34, nano1
nano1_nginx_c_750, nginx/1.4.6, 54.191.96.53, 612, 75, 5.399, 1000, 0, 853000, 612000, 185.22, 404.934, 5.399, 154.29, nano1
nano1_nginx_c_760, nginx/1.4.6, 54.191.96.53, 612, 76, 3.627, 1000, 0, 853000, 612000, 275.74, 275.621, 3.627, 229.69, nano1
nano1_nginx_c_770, nginx/1.4.6, 54.191.96.53, 612, 77, 2.143, 1000, 0, 853000, 612000, 466.54, 165.043, 2.143, 388.64, nano1
nano1_nginx_c_780, nginx/1.4.6, 54.191.96.53, 612, 78, 0.413, 1000, 0, 853000, 612000, 2420.42, 32.226, 0.413, 2016.23, nano1
nano1_nginx_c_790, nginx/1.4.6, 54.191.96.53, 612, 79, 0.421, 1000, 0, 853000, 612000, 2375.01, 33.263, 0.421, 1978.40, nano1
nano1_nginx_c_80, nginx/1.4.6, 54.191.96.53, 612, 8, 0.596, 1000, 0, 853000, 612000, 1678.62, 4.766, 0.596, 1398.30, nano1
nano1_nginx_c_800, nginx/1.4.6, 54.191.96.53, 612, 80, 0.420, 1000, 0, 853000, 612000, 2382.43, 33.579, 0.420, 1984.58, nano1
nano1_nginx_c_810, nginx/1.4.6, 54.191.96.53, 612, 81, 0.402, 1000, 0, 853000, 612000, 2490.24, 32.527, 0.402, 2074.39, nano1
nano1_nginx_c_820, nginx/1.4.6, 54.191.96.53, 612, 82, 0.417, 1000, 0, 853000, 612000, 2397.38, 34.204, 0.417, 1997.04, nano1
nano1_nginx_c_830, nginx/1.4.6, 54.191.96.53, 612, 83, 0.444, 1000, 0, 853000, 612000, 2253.58, 36.830, 0.444, 1877.25, nano1
nano1_nginx_c_840, nginx/1.4.6, 54.191.96.53, 612, 84, 0.437, 1000, 0, 853000, 612000, 2285.94, 36.746, 0.437, 1904.21, nano1
nano1_nginx_c_850, nginx/1.4.6, 54.191.96.53, 612, 85, 1.785, 1000, 0, 853000, 612000, 560.31, 151.702, 1.785, 466.74, nano1
nano1_nginx_c_860, nginx/1.4.6, 54.191.96.53, 612, 86, 2.033, 1000, 0, 853000, 612000, 491.89, 174.835, 2.033, 409.75, nano1
nano1_nginx_c_870, nginx/1.4.6, 54.191.96.53, 612, 87, 3.957, 1000, 0, 853000, 612000, 252.73, 344.243, 3.957, 210.52, nano1
nano1_nginx_c_880, nginx/1.4.6, 54.191.96.53, 612, 88, 7.175, 1000, 0, 853000, 612000, 139.37, 631.413, 7.175, 116.10, nano1
nano1_nginx_c_890, nginx/1.4.6, 54.191.96.53, 612, 89, 0.564, 1000, 0, 853000, 612000, 1773.27, 50.190, 0.564, 1477.14, nano1
nano1_nginx_c_90, nginx/1.4.6, 54.191.96.53, 612, 9, 0.731, 1000, 0, 853000, 612000, 1367.80, 6.580, 0.731, 1139.39, nano1
nano1_nginx_c_900, nginx/1.4.6, 54.191.96.53, 612, 90, 0.575, 1000, 0, 853000, 612000, 1739.18, 51.749, 0.575, 1448.75, nano1
nano1_nginx_c_910, nginx/1.4.6, 54.191.96.53, 612, 91, 0.556, 1000, 0, 853000, 612000, 1797.72, 50.620, 0.556, 1497.52, nano1
nano1_nginx_c_920, nginx/1.4.6, 54.191.96.53, 612, 92, 0.456, 1000, 0, 853000, 612000, 2191.80, 41.975, 0.456, 1825.78, nano1
nano1_nginx_c_930, nginx/1.4.6, 54.191.96.53, 612, 93, 0.399, 1000, 0, 853000, 612000, 2503.65, 37.146, 0.399, 2085.56, nano1
nano1_nginx_c_940, nginx/1.4.6, 54.191.96.53, 612, 94, 0.416, 1000, 0, 853000, 612000, 2401.32, 39.145, 0.416, 2000.32, nano1
nano1_nginx_c_950, nginx/1.4.6, 54.191.96.53, 612, 95, 0.782, 1000, 0, 853000, 612000, 1278.79, 74.289, 0.782, 1065.24, nano1
nano1_nginx_c_960, nginx/1.4.6, 54.191.96.53, 612, 96, 1.073, 1000, 0, 853000, 612000, 932.37, 102.964, 1.073, 776.67, nano1
nano1_nginx_c_970, nginx/1.4.6, 54.191.96.53, 612, 97, 2.783, 1000, 0, 853000, 612000, 359.34, 269.941, 2.783, 299.33, nano1
nano1_nginx_c_980, nginx/1.4.6, 54.191.96.53, 612, 98, 15.499, 1000, 0, 853000, 612000, 64.52, 1518.931, 15.499, 53.74, nano1
nano1_nginx_c_990, nginx/1.4.6, 54.191.96.53, 612, 99, 3.873, 1000, 0, 853000, 612000, 258.19, 383.433, 3.873, 215.08, nano1
nano2_apache2_c_10, Apache/2.4.7, 54.186.67.151, 11510, 10, 21.362, 10000, 0, 117830000, 115100000, 468.13, 21.362, 2.136, 5386.68, nano2
nano2_apache2_c_100, Apache/2.4.7, 54.186.67.151, 11510, 100, 7.868, 10000, 0, 117830000, 115100000, 1270.91, 78.684, 0.787, 14624.20, nano2
nano2_apache2_c_110, Apache/2.4.7, 54.186.67.151, 11510, 110, 17.600, 10000, 0, 117830000, 115100000, 568.20, 193.595, 1.760, 6538.14, nano2
nano2_apache2_c_120, Apache/2.4.7, 54.186.67.151, 11510, 120, 8.462, 10000, 0, 117830000, 115100000, 1181.75, 101.545, 0.846, 13598.18, nano2
nano2_apache2_c_130, Apache/2.4.7, 54.186.67.151, 11510, 130, 8.521, 10000, 0, 117830000, 115100000, 1173.56, 110.774, 0.852, 13503.92, nano2
nano2_apache2_c_140, Apache/2.4.7, 54.186.67.151, 11510, 140, 9.111, 10000, 0, 117830000, 115100000, 1097.59, 127.552, 0.911, 12629.82, nano2
nano2_apache2_c_150, Apache/2.4.7, 54.186.67.151, 11510, 150, 9.763, 10000, 0, 117830000, 115100000, 1024.28, 146.444, 0.976, 11786.26, nano2
nano2_apache2_c_160, Apache/2.4.7, 54.186.67.151, 11510, 160, 18.012, 10000, 0, 117830000, 115100000, 555.19, 288.187, 1.801, 6388.53, nano2
nano2_apache2_c_170, Apache/2.4.7, 54.186.67.151, 11510, 170, 10.095, 10000, 0, 117830000, 115100000, 990.57, 171.619, 1.010, 11398.29, nano2
nano2_apache2_c_180, Apache/2.4.7, 54.186.67.151, 11510, 180, 10.107, 10000, 0, 117830000, 115100000, 989.40, 181.929, 1.011, 11384.83, nano2
nano2_apache2_c_190, Apache/2.4.7, 54.186.67.151, 11510, 190, 9.867, 10000, 0, 117830000, 115100000, 1013.45, 187.479, 0.987, 11661.56, nano2
nano2_apache2_c_20, Apache/2.4.7, 54.186.67.151, 11510, 20, 9.683, 10000, 0, 117830000, 115100000, 1032.74, 19.366, 0.968, 11883.56, nano2
nano2_apache2_c_200, Apache/2.4.7, 54.186.67.151, 11510, 200, 17.633, 10000, 0, 117830000, 115100000, 567.11, 352.664, 1.763, 6525.66, nano2
nano2_apache2_c_210, Apache/2.4.7, 54.186.67.151, 11510, 210, 8.694, 10000, 0, 117830000, 115100000, 1150.19, 182.579, 0.869, 13235.01, nano2
nano2_apache2_c_220, Apache/2.4.7, 54.186.67.151, 11510, 220, 10.835, 10000, 0, 117830000, 115100000, 922.93, 238.372, 1.084, 10619.96, nano2
nano2_apache2_c_230, Apache/2.4.7, 54.186.67.151, 11510, 230, 10.994, 10000, 0, 117830000, 115100000, 909.58, 252.865, 1.099, 10466.34, nano2
nano2_apache2_c_240, Apache/2.4.7, 54.186.67.151, 11510, 240, 10.004, 10000, 0, 117830000, 115100000, 999.60, 240.095, 1.000, 11502.28, nano2
nano2_apache2_c_250, Apache/2.4.7, 54.186.67.151, 11510, 250, 9.489, 10000, 0, 117830000, 115100000, 1053.87, 237.221, 0.949, 12126.69, nano2
nano2_apache2_c_260, Apache/2.4.7, 54.186.67.151, 11510, 260, 8.937, 10000, 0, 117830000, 115100000, 1118.97, 232.356, 0.894, 12875.81, nano2
nano2_apache2_c_270, Apache/2.4.7, 54.186.67.151, 11510, 270, 8.986, 10000, 0, 117830000, 115100000, 1112.87, 242.617, 0.899, 12805.57, nano2
nano2_apache2_c_280, Apache/2.4.7, 54.186.67.151, 11510, 280, 9.299, 10000, 0, 117830000, 115100000, 1075.37, 260.376, 0.930, 12374.07, nano2
nano2_apache2_c_290, Apache/2.4.7, 54.186.67.151, 11510, 290, 29.440, 10000, 0, 117830000, 115100000, 339.68, 853.748, 2.944, 3908.62, nano2
nano2_apache2_c_30, Apache/2.4.7, 54.186.67.151, 11510, 30, 9.800, 10000, 0, 117830000, 115100000, 1020.37, 29.401, 0.980, 11741.28, nano2
nano2_apache2_c_300, Apache/2.4.7, 54.186.67.151, 11510, 300, 19.600, 10000, 0, 117830000, 115100000, 510.20, 588.001, 1.960, 5870.82, nano2
nano2_apache2_c_310, Apache/2.4.7, 54.186.67.151, 11510, 310, 35.613, 10000, 0, 117830000, 115100000, 280.80, 1103.992, 3.561, 3231.11, nano2
nano2_apache2_c_320, Apache/2.4.7, 54.186.67.151, 11510, 320, 23.896, 10000, 0, 117830000, 115100000, 418.48, 764.671, 2.390, 4815.39, nano2
nano2_apache2_c_330, Apache/2.4.7, 54.186.67.151, 11510, 330, 41.675, 10000, 0, 117830000, 115100000, 239.95, 1375.280, 4.168, 2761.08, nano2
nano2_apache2_c_340, Apache/2.4.7, 54.186.67.151, 11510, 340, 21.604, 10000, 0, 117830000, 115100000, 462.89, 734.523, 2.160, 5326.34, nano2
nano2_apache2_c_350, Apache/2.4.7, 54.186.67.151, 11510, 350, 11.260, 10000, 0, 117830000, 115100000, 888.09, 394.106, 1.126, 10219.07, nano2
nano2_apache2_c_360, Apache/2.4.7, 54.186.67.151, 11510, 360, 10.765, 10000, 0, 117830000, 115100000, 928.95, 387.532, 1.076, 10689.33, nano2
nano2_apache2_c_370, Apache/2.4.7, 54.186.67.151, 11510, 370, 10.777, 10000, 0, 117830000, 115100000, 927.87, 398.762, 1.078, 10676.86, nano2
nano2_apache2_c_380, Apache/2.4.7, 54.186.67.151, 11510, 380, 9.840, 10000, 0, 117830000, 115100000, 1016.30, 373.904, 0.984, 11694.43, nano2
nano2_apache2_c_390, Apache/2.4.7, 54.186.67.151, 11510, 390, 10.230, 10000, 0, 117830000, 115100000, 977.49, 398.983, 1.023, 11247.77, nano2
nano2_apache2_c_40, Apache/2.4.7, 54.186.67.151, 11510, 40, 19.170, 10000, 0, 117830000, 115100000, 521.64, 76.681, 1.917, 6002.44, nano2
nano2_apache2_c_400, Apache/2.4.7, 54.186.67.151, 11510, 400, 9.387, 10000, 0, 117830000, 115100000, 1065.32, 375.473, 0.939, 12258.51, nano2
nano2_apache2_c_410, Apache/2.4.7, 54.186.67.151, 11510, 410, 12.476, 10000, 0, 117830000, 115100000, 801.54, 511.512, 1.248, 9223.24, nano2
nano2_apache2_c_420, Apache/2.4.7, 54.186.67.151, 11510, 420, 11.462, 10000, 0, 117830000, 115100000, 872.45, 481.401, 1.146, 10039.18, nano2
nano2_apache2_c_430, Apache/2.4.7, 54.186.67.151, 11510, 430, 24.042, 10000, 0, 117830000, 115100000, 415.94, 1033.796, 2.404, 4786.19, nano2
nano2_apache2_c_440, Apache/2.4.7, 54.186.67.151, 11510, 440, 11.002, 10000, 0, 117830000, 115100000, 908.96, 484.070, 1.100, 10459.25, nano2
nano2_apache2_c_450, Apache/2.4.7, 54.186.67.151, 11510, 450, 10.574, 10000, 0, 117830000, 115100000, 945.73, 475.823, 1.057, 10882.35, nano2
nano2_apache2_c_460, Apache/2.4.7, 54.186.67.151, 11510, 460, 10.857, 10000, 0, 117830000, 115100000, 921.11, 499.400, 1.086, 10599.02, nano2
nano2_apache2_c_470, Apache/2.4.7, 54.186.67.151, 11510, 470, 10.269, 10000, 0, 117830000, 115100000, 973.76, 482.665, 1.027, 11204.91, nano2
nano2_apache2_c_480, Apache/2.4.7, 54.186.67.151, 11510, 480, 11.869, 10000, 0, 117830000, 115100000, 842.51, 569.728, 1.187, 9694.59, nano2
nano2_apache2_c_490, Apache/2.4.7, 54.186.67.151, 11510, 490, 11.123, 10000, 0, 117830000, 115100000, 899.04, 545.028, 1.112, 10345.06, nano2
nano2_apache2_c_50, Apache/2.4.7, 54.186.67.151, 11510, 50, 8.093, 10000, 0, 117830000, 115100000, 1235.68, 40.463, 0.809, 14218.81, nano2
nano2_apache2_c_500, Apache/2.4.7, 54.186.67.151, 11510, 500, 21.453, 10000, 0, 117830000, 115100000, 466.14, 1072.649, 2.145, 5363.75, nano2
nano2_apache2_c_510, Apache/2.4.7, 54.186.67.151, 11510, 510, 61.642, 10000, 0, 117830000, 115100000, 162.23, 3143.725, 6.164, 1866.73, nano2
nano2_apache2_c_590, Apache/2.4.7, 54.186.67.151, 11510, 590, 84.433, 10000, 0, 117830000, 115100000, 118.44, 4981.563, 8.443, 1362.83, nano2
nano2_apache2_c_60, Apache/2.4.7, 54.186.67.151, 11510, 60, 9.864, 10000, 0, 117830000, 115100000, 1013.77, 59.185, 0.986, 11665.33, nano2
nano2_apache2_c_650, Apache/2.4.7, 54.186.67.151, 11510, 650, 9.369, 10000, 0, 117830000, 115100000, 1067.38, 608.968, 0.937, 12282.16, nano2
nano2_apache2_c_660, Apache/2.4.7, 54.186.67.151, 11510, 660, 9.707, 10000, 0, 117830000, 115100000, 1030.19, 640.657, 0.971, 11854.25, nano2
nano2_apache2_c_670, Apache/2.4.7, 54.186.67.151, 11510, 670, 52.226, 10000, 0, 117830000, 115100000, 191.47, 3499.154, 5.223, 2203.27, nano2
nano2_apache2_c_70, Apache/2.4.7, 54.186.67.151, 11510, 70, 9.252, 10000, 0, 117830000, 115100000, 1080.86, 64.763, 0.925, 12437.23, nano2
nano2_apache2_c_720, Apache/2.4.7, 54.186.67.151, 11510, 720, 22.832, 10000, 0, 117830000, 115100000, 437.98, 1643.919, 2.283, 5039.74, nano2
nano2_apache2_c_730, Apache/2.4.7, 54.186.67.151, 11510, 730, 23.247, 10000, 0, 117830000, 115100000, 430.16, 1697.033, 2.325, 4949.81, nano2
nano2_apache2_c_740, Apache/2.4.7, 54.186.67.151, 11510, 740, 20.256, 10000, 0, 117830000, 115100000, 493.68, 1498.954, 2.026, 5680.67, nano2
nano2_apache2_c_750, Apache/2.4.7, 54.186.67.151, 11510, 750, 22.427, 10000, 0, 117830000, 115100000, 445.88, 1682.061, 2.243, 5130.69, nano2
nano2_apache2_c_760, Apache/2.4.7, 54.186.67.151, 11510, 760, 41.532, 10000, 0, 117830000, 115100000, 240.78, 3156.447, 4.153, 2770.58, nano2
nano2_apache2_c_80, Apache/2.4.7, 54.186.67.151, 11510, 80, 8.527, 10000, 0, 117830000, 115100000, 1172.79, 68.214, 0.853, 13495.06, nano2
nano2_apache2_c_860, Apache/2.4.7, 54.186.67.151, 11510, 860, 28.070, 10000, 0, 117830000, 115100000, 356.25, 2414.044, 2.807, 4099.30, nano2
nano2_apache2_c_870, Apache/2.4.7, 54.186.67.151, 11510, 870, 24.318, 10000, 0, 117830000, 115100000, 411.23, 2115.625, 2.432, 4731.91, nano2
nano2_apache2_c_90, Apache/2.4.7, 54.186.67.151, 11510, 90, 7.617, 10000, 0, 117830000, 115100000, 1312.85, 68.553, 0.762, 15106.76, nano2
nano2_apache2_c_900, Apache/2.4.7, 54.186.67.151, 11510, 900, 20.202, 10000, 0, 117830000, 115100000, 494.99, 1818.202, 2.020, 5695.82, nano2
nano2_apache2_c_920, Apache/2.4.7, 54.186.67.151, 11510, 920, 37.835, 10000, 0, 117830000, 115100000, 264.30, 3480.864, 3.784, 3041.28, nano2
nano2_apache2_c_930, Apache/2.4.7, 54.186.67.151, 11510, 930, 27.157, 10000, 0, 117830000, 115100000, 368.23, 2525.610, 2.716, 4237.14, nano2
nano2_apache2_c_950, Apache/2.4.7, 54.186.67.151, 11510, 950, 14.431, 10000, 0, 117830000, 115100000, 692.93, 1370.992, 1.443, 7973.42, nano2
nano2_apache2_c_960, Apache/2.4.7, 54.186.67.151, 11510, 960, 19.173, 10000, 0, 117830000, 115100000, 521.56, 1840.643, 1.917, 6001.47, nano2
nano2_apache2_c_970, Apache/2.4.7, 54.186.67.151, 11510, 970, 22.763, 10000, 0, 117830000, 115100000, 439.30, 2208.052, 2.276, 5054.97, nano2
nano2_nginx_c_10, nginx/1.4.6, 54.186.67.151, 612, 1, 2.454, 1000, 0, 853000, 612000, 407.52, 2.454, 2.454, 339.46, nano2
nano2_nginx_c_100, nginx/1.4.6, 54.186.67.151, 612, 10, 0.431, 1000, 0, 853000, 612000, 2321.45, 4.308, 0.431, 1933.78, nano2
nano2_nginx_c_1000, nginx/1.4.6, 54.186.67.151, 612, 100, 0.472, 1000, 0, 853000, 612000, 2117.35, 47.229, 0.472, 1763.77, nano2
nano2_nginx_c_110, nginx/1.4.6, 54.186.67.151, 612, 11, 0.339, 1000, 0, 853000, 612000, 2952.86, 3.725, 0.339, 2459.75, nano2
nano2_nginx_c_120, nginx/1.4.6, 54.186.67.151, 612, 12, 0.310, 1000, 0, 853000, 612000, 3225.69, 3.720, 0.310, 2687.03, nano2
nano2_nginx_c_130, nginx/1.4.6, 54.186.67.151, 612, 13, 0.307, 1000, 0, 853000, 612000, 3259.01, 3.989, 0.307, 2714.78, nano2
nano2_nginx_c_140, nginx/1.4.6, 54.186.67.151, 612, 14, 0.317, 1000, 0, 853000, 612000, 3153.21, 4.440, 0.317, 2626.65, nano2
nano2_nginx_c_150, nginx/1.4.6, 54.186.67.151, 612, 15, 0.305, 1000, 0, 853000, 612000, 3280.36, 4.573, 0.305, 2732.56, nano2
nano2_nginx_c_160, nginx/1.4.6, 54.186.67.151, 612, 16, 0.308, 1000, 0, 853000, 612000, 3249.76, 4.923, 0.308, 2707.08, nano2
nano2_nginx_c_170, nginx/1.4.6, 54.186.67.151, 612, 17, 0.306, 1000, 0, 853000, 612000, 3268.55, 5.201, 0.306, 2722.73, nano2
nano2_nginx_c_180, nginx/1.4.6, 54.186.67.151, 612, 18, 0.310, 1000, 0, 853000, 612000, 3224.42, 5.582, 0.310, 2685.97, nano2
nano2_nginx_c_190, nginx/1.4.6, 54.186.67.151, 612, 19, 0.307, 1000, 0, 853000, 612000, 3255.66, 5.836, 0.307, 2711.99, nano2
nano2_nginx_c_20, nginx/1.4.6, 54.186.67.151, 612, 2, 1.193, 1000, 0, 853000, 612000, 838.36, 2.386, 1.193, 698.36, nano2
nano2_nginx_c_200, nginx/1.4.6, 54.186.67.151, 612, 20, 0.303, 1000, 0, 853000, 612000, 3295.37, 6.069, 0.303, 2745.07, nano2
nano2_nginx_c_210, nginx/1.4.6, 54.186.67.151, 612, 21, 0.303, 1000, 0, 853000, 612000, 3303.31, 6.357, 0.303, 2751.68, nano2
nano2_nginx_c_220, nginx/1.4.6, 54.186.67.151, 612, 22, 0.306, 1000, 0, 853000, 612000, 3270.37, 6.727, 0.306, 2724.24, nano2
nano2_nginx_c_230, nginx/1.4.6, 54.186.67.151, 612, 23, 0.312, 1000, 0, 853000, 612000, 3200.29, 7.187, 0.312, 2665.86, nano2
nano2_nginx_c_240, nginx/1.4.6, 54.186.67.151, 612, 24, 0.311, 1000, 0, 853000, 612000, 3215.31, 7.464, 0.311, 2678.38, nano2
nano2_nginx_c_250, nginx/1.4.6, 54.186.67.151, 612, 25, 0.311, 1000, 0, 853000, 612000, 3214.77, 7.777, 0.311, 2677.93, nano2
nano2_nginx_c_260, nginx/1.4.6, 54.186.67.151, 612, 26, 0.314, 1000, 0, 853000, 612000, 3179.93, 8.176, 0.314, 2648.91, nano2
nano2_nginx_c_270, nginx/1.4.6, 54.186.67.151, 612, 27, 0.310, 1000, 0, 853000, 612000, 3226.41, 8.368, 0.310, 2687.62, nano2
nano2_nginx_c_280, nginx/1.4.6, 54.186.67.151, 612, 28, 0.311, 1000, 0, 853000, 612000, 3218.25, 8.700, 0.311, 2680.83, nano2
nano2_nginx_c_290, nginx/1.4.6, 54.186.67.151, 612, 29, 0.310, 1000, 0, 853000, 612000, 3223.61, 8.996, 0.310, 2685.29, nano2
nano2_nginx_c_30, nginx/1.4.6, 54.186.67.151, 612, 3, 15.798, 1000, 0, 853000, 612000, 63.30, 47.394, 15.798, 52.73, nano2
nano2_nginx_c_300, nginx/1.4.6, 54.186.67.151, 612, 30, 0.315, 1000, 0, 853000, 612000, 3175.45, 9.447, 0.315, 2645.17, nano2
nano2_nginx_c_310, nginx/1.4.6, 54.186.67.151, 612, 31, 0.310, 1000, 0, 853000, 612000, 3227.68, 9.604, 0.310, 2688.68, nano2
nano2_nginx_c_320, nginx/1.4.6, 54.186.67.151, 612, 32, 0.304, 1000, 0, 853000, 612000, 3288.29, 9.731, 0.304, 2739.18, nano2
nano2_nginx_c_330, nginx/1.4.6, 54.186.67.151, 612, 33, 0.302, 1000, 0, 853000, 612000, 3315.11, 9.954, 0.302, 2761.51, nano2
nano2_nginx_c_340, nginx/1.4.6, 54.186.67.151, 612, 34, 0.309, 1000, 0, 853000, 612000, 3241.43, 10.489, 0.309, 2700.13, nano2
nano2_nginx_c_350, nginx/1.4.6, 54.186.67.151, 612, 35, 0.310, 1000, 0, 853000, 612000, 3225.74, 10.850, 0.310, 2687.07, nano2
nano2_nginx_c_360, nginx/1.4.6, 54.186.67.151, 612, 36, 0.307, 1000, 0, 853000, 612000, 3260.94, 11.040, 0.307, 2716.39, nano2
nano2_nginx_c_370, nginx/1.4.6, 54.186.67.151, 612, 37, 0.310, 1000, 0, 853000, 612000, 3222.33, 11.482, 0.310, 2684.23, nano2
nano2_nginx_c_380, nginx/1.4.6, 54.186.67.151, 612, 38, 0.314, 1000, 0, 853000, 612000, 3186.23, 11.926, 0.314, 2654.15, nano2
nano2_nginx_c_390, nginx/1.4.6, 54.186.67.151, 612, 39, 0.324, 1000, 0, 853000, 612000, 3085.09, 12.641, 0.324, 2569.90, nano2
nano2_nginx_c_40, nginx/1.4.6, 54.186.67.151, 612, 4, 0.558, 1000, 0, 853000, 612000, 1791.37, 2.233, 0.558, 1492.23, nano2
nano2_nginx_c_400, nginx/1.4.6, 54.186.67.151, 612, 40, 0.313, 1000, 0, 853000, 612000, 3198.38, 12.506, 0.313, 2664.28, nano2
nano2_nginx_c_410, nginx/1.4.6, 54.186.67.151, 612, 41, 0.306, 1000, 0, 853000, 612000, 3263.45, 12.563, 0.306, 2718.48, nano2
nano2_nginx_c_420, nginx/1.4.6, 54.186.67.151, 612, 42, 0.320, 1000, 0, 853000, 612000, 3125.30, 13.439, 0.320, 2603.40, nano2
nano2_nginx_c_430, nginx/1.4.6, 54.186.67.151, 612, 43, 0.314, 1000, 0, 853000, 612000, 3184.42, 13.503, 0.314, 2652.65, nano2
nano2_nginx_c_440, nginx/1.4.6, 54.186.67.151, 612, 44, 0.329, 1000, 0, 853000, 612000, 3035.42, 14.496, 0.329, 2528.53, nano2
nano2_nginx_c_450, nginx/1.4.6, 54.186.67.151, 612, 45, 0.332, 1000, 0, 853000, 612000, 3015.75, 14.922, 0.332, 2512.14, nano2
nano2_nginx_c_460, nginx/1.4.6, 54.186.67.151, 612, 46, 0.329, 1000, 0, 853000, 612000, 3041.92, 15.122, 0.329, 2533.94, nano2
nano2_nginx_c_470, nginx/1.4.6, 54.186.67.151, 612, 47, 0.320, 1000, 0, 853000, 612000, 3128.25, 15.024, 0.320, 2605.85, nano2
nano2_nginx_c_480, nginx/1.4.6, 54.186.67.151, 612, 48, 0.318, 1000, 0, 853000, 612000, 3148.68, 15.244, 0.318, 2622.88, nano2
nano2_nginx_c_490, nginx/1.4.6, 54.186.67.151, 612, 49, 0.311, 1000, 0, 853000, 612000, 3219.31, 15.221, 0.311, 2681.71, nano2
nano2_nginx_c_50, nginx/1.4.6, 54.186.67.151, 612, 5, 0.448, 1000, 0, 853000, 612000, 2234.23, 2.238, 0.448, 1861.13, nano2
nano2_nginx_c_500, nginx/1.4.6, 54.186.67.151, 612, 50, 0.318, 1000, 0, 853000, 612000, 3148.34, 15.881, 0.318, 2622.59, nano2
nano2_nginx_c_510, nginx/1.4.6, 54.186.67.151, 612, 51, 0.339, 1000, 0, 853000, 612000, 2949.94, 17.288, 0.339, 2457.32, nano2
nano2_nginx_c_520, nginx/1.4.6, 54.186.67.151, 612, 52, 0.330, 1000, 0, 853000, 612000, 3028.64, 17.169, 0.330, 2522.88, nano2
nano2_nginx_c_530, nginx/1.4.6, 54.186.67.151, 612, 53, 0.327, 1000, 0, 853000, 612000, 3059.35, 17.324, 0.327, 2548.46, nano2
nano2_nginx_c_540, nginx/1.4.6, 54.186.67.151, 612, 54, 0.323, 1000, 0, 853000, 612000, 3094.00, 17.453, 0.323, 2577.33, nano2
nano2_nginx_c_550, nginx/1.4.6, 54.186.67.151, 612, 55, 0.353, 1000, 0, 853000, 612000, 2832.88, 19.415, 0.353, 2359.81, nano2
nano2_nginx_c_560, nginx/1.4.6, 54.186.67.151, 612, 56, 0.339, 1000, 0, 853000, 612000, 2952.36, 18.968, 0.339, 2459.34, nano2
nano2_nginx_c_570, nginx/1.4.6, 54.186.67.151, 612, 57, 0.363, 1000, 0, 853000, 612000, 2756.20, 20.681, 0.363, 2295.93, nano2
nano2_nginx_c_580, nginx/1.4.6, 54.186.67.151, 612, 58, 0.256, 1000, 0, 853000, 612000, 3900.32, 14.871, 0.256, 3249.00, nano2
nano2_nginx_c_590, nginx/1.4.6, 54.186.67.151, 612, 59, 0.239, 1000, 0, 853000, 612000, 4189.62, 14.082, 0.239, 3489.99, nano2
nano2_nginx_c_60, nginx/1.4.6, 54.186.67.151, 612, 6, 0.387, 1000, 0, 853000, 612000, 2583.60, 2.322, 0.387, 2152.16, nano2
nano2_nginx_c_600, nginx/1.4.6, 54.186.67.151, 612, 60, 0.235, 1000, 0, 853000, 612000, 4249.51, 14.119, 0.235, 3539.88, nano2
nano2_nginx_c_610, nginx/1.4.6, 54.186.67.151, 612, 61, 0.238, 1000, 0, 853000, 612000, 4199.35, 14.526, 0.238, 3498.09, nano2
nano2_nginx_c_620, nginx/1.4.6, 54.186.67.151, 612, 62, 0.239, 1000, 0, 853000, 612000, 4178.99, 14.836, 0.239, 3481.14, nano2
nano2_nginx_c_630, nginx/1.4.6, 54.186.67.151, 612, 63, 0.355, 1000, 0, 853000, 612000, 2818.25, 22.354, 0.355, 2347.63, nano2
nano2_nginx_c_640, nginx/1.4.6, 54.186.67.151, 612, 64, 0.409, 1000, 0, 853000, 612000, 2447.17, 26.153, 0.409, 2038.51, nano2
nano2_nginx_c_650, nginx/1.4.6, 54.186.67.151, 612, 65, 0.411, 1000, 0, 853000, 612000, 2432.85, 26.718, 0.411, 2026.58, nano2
nano2_nginx_c_660, nginx/1.4.6, 54.186.67.151, 612, 66, 0.416, 1000, 0, 853000, 612000, 2401.33, 27.485, 0.416, 2000.33, nano2
nano2_nginx_c_670, nginx/1.4.6, 54.186.67.151, 612, 67, 0.451, 1000, 0, 853000, 612000, 2218.64, 30.199, 0.451, 1848.14, nano2
nano2_nginx_c_680, nginx/1.4.6, 54.186.67.151, 612, 68, 0.449, 1000, 0, 853000, 612000, 2227.75, 30.524, 0.449, 1855.73, nano2
nano2_nginx_c_690, nginx/1.4.6, 54.186.67.151, 612, 69, 0.452, 1000, 0, 853000, 612000, 2213.92, 31.166, 0.452, 1844.21, nano2
nano2_nginx_c_70, nginx/1.4.6, 54.186.67.151, 612, 7, 0.353, 1000, 0, 853000, 612000, 2834.99, 2.469, 0.353, 2361.57, nano2
nano2_nginx_c_700, nginx/1.4.6, 54.186.67.151, 612, 70, 0.458, 1000, 0, 853000, 612000, 2183.18, 32.063, 0.458, 1818.61, nano2
nano2_nginx_c_710, nginx/1.4.6, 54.186.67.151, 612, 71, 0.451, 1000, 0, 853000, 612000, 2215.63, 32.045, 0.451, 1845.64, nano2
nano2_nginx_c_720, nginx/1.4.6, 54.186.67.151, 612, 72, 0.437, 1000, 0, 853000, 612000, 2287.37, 31.477, 0.437, 1905.39, nano2
nano2_nginx_c_730, nginx/1.4.6, 54.186.67.151, 612, 73, 0.412, 1000, 0, 853000, 612000, 2426.90, 30.080, 0.412, 2021.62, nano2
nano2_nginx_c_740, nginx/1.4.6, 54.186.67.151, 612, 74, 0.405, 1000, 0, 853000, 612000, 2467.63, 29.988, 0.405, 2055.56, nano2
nano2_nginx_c_750, nginx/1.4.6, 54.186.67.151, 612, 75, 0.316, 1000, 0, 853000, 612000, 3167.29, 23.680, 0.316, 2638.38, nano2
nano2_nginx_c_760, nginx/1.4.6, 54.186.67.151, 612, 76, 0.397, 1000, 0, 853000, 612000, 2516.15, 30.205, 0.397, 2095.97, nano2
nano2_nginx_c_770, nginx/1.4.6, 54.186.67.151, 612, 77, 0.419, 1000, 0, 853000, 612000, 2384.89, 32.287, 0.419, 1986.63, nano2
nano2_nginx_c_780, nginx/1.4.6, 54.186.67.151, 612, 78, 0.412, 1000, 0, 853000, 612000, 2428.80, 32.115, 0.412, 2023.21, nano2
nano2_nginx_c_790, nginx/1.4.6, 54.186.67.151, 612, 79, 0.417, 1000, 0, 853000, 612000, 2397.51, 32.951, 0.417, 1997.15, nano2
nano2_nginx_c_80, nginx/1.4.6, 54.186.67.151, 612, 8, 0.344, 1000, 0, 853000, 612000, 2910.31, 2.749, 0.344, 2424.31, nano2
nano2_nginx_c_800, nginx/1.4.6, 54.186.67.151, 612, 80, 0.417, 1000, 0, 853000, 612000, 2396.33, 33.384, 0.417, 1996.17, nano2
nano2_nginx_c_810, nginx/1.4.6, 54.186.67.151, 612, 81, 0.414, 1000, 0, 853000, 612000, 2415.58, 33.532, 0.414, 2012.19, nano2
nano2_nginx_c_820, nginx/1.4.6, 54.186.67.151, 612, 82, 0.417, 1000, 0, 853000, 612000, 2397.17, 34.207, 0.417, 1996.86, nano2
nano2_nginx_c_830, nginx/1.4.6, 54.186.67.151, 612, 83, 0.397, 1000, 0, 853000, 612000, 2517.62, 32.968, 0.397, 2097.19, nano2
nano2_nginx_c_840, nginx/1.4.6, 54.186.67.151, 612, 84, 0.399, 1000, 0, 853000, 612000, 2504.72, 33.537, 0.399, 2086.45, nano2
nano2_nginx_c_850, nginx/1.4.6, 54.186.67.151, 612, 85, 0.406, 1000, 0, 853000, 612000, 2462.45, 34.518, 0.406, 2051.24, nano2
nano2_nginx_c_860, nginx/1.4.6, 54.186.67.151, 612, 86, 0.348, 1000, 0, 853000, 612000, 2872.80, 29.936, 0.348, 2393.07, nano2
nano2_nginx_c_870, nginx/1.4.6, 54.186.67.151, 612, 87, 0.380, 1000, 0, 853000, 612000, 2630.96, 33.068, 0.380, 2191.61, nano2
nano2_nginx_c_880, nginx/1.4.6, 54.186.67.151, 612, 88, 0.348, 1000, 0, 853000, 612000, 2875.78, 30.600, 0.348, 2395.55, nano2
nano2_nginx_c_890, nginx/1.4.6, 54.186.67.151, 612, 89, 0.372, 1000, 0, 853000, 612000, 2689.31, 33.094, 0.372, 2240.21, nano2
nano2_nginx_c_90, nginx/1.4.6, 54.186.67.151, 612, 9, 31.371, 1000, 0, 853000, 612000, 31.88, 282.336, 31.371, 26.55, nano2
nano2_nginx_c_900, nginx/1.4.6, 54.186.67.151, 612, 90, 0.389, 1000, 0, 853000, 612000, 2570.98, 35.006, 0.389, 2141.65, nano2
nano2_nginx_c_910, nginx/1.4.6, 54.186.67.151, 612, 91, 0.361, 1000, 0, 853000, 612000, 2772.36, 32.824, 0.361, 2309.40, nano2
nano2_nginx_c_920, nginx/1.4.6, 54.186.67.151, 612, 92, 0.411, 1000, 0, 853000, 612000, 2430.48, 37.853, 0.411, 2024.61, nano2
nano2_nginx_c_930, nginx/1.4.6, 54.186.67.151, 612, 93, 0.447, 1000, 0, 853000, 612000, 2236.25, 41.587, 0.447, 1862.81, nano2
nano2_nginx_c_940, nginx/1.4.6, 54.186.67.151, 612, 94, 0.505, 1000, 0, 853000, 612000, 1981.06, 47.449, 0.505, 1650.24, nano2
nano2_nginx_c_950, nginx/1.4.6, 54.186.67.151, 612, 95, 0.531, 1000, 0, 853000, 612000, 1881.86, 50.482, 0.531, 1567.61, nano2
nano2_nginx_c_960, nginx/1.4.6, 54.186.67.151, 612, 96, 0.417, 1000, 0, 853000, 612000, 2397.75, 40.038, 0.417, 1997.34, nano2
nano2_nginx_c_970, nginx/1.4.6, 54.186.67.151, 612, 97, 0.364, 1000, 0, 853000, 612000, 2748.22, 35.296, 0.364, 2289.29, nano2
nano2_nginx_c_980, nginx/1.4.6, 54.186.67.151, 612, 98, 0.389, 1000, 0, 853000, 612000, 2571.11, 38.116, 0.389, 2141.76, nano2
nano2_nginx_c_990, nginx/1.4.6, 54.186.67.151, 612, 99, 0.440, 1000, 0, 853000, 612000, 2273.33, 43.549, 0.440, 1893.70, nano2
nano3_apache2_c_10, Apache/2.4.7, 54.186.197.35, 11510, 10, 180.076, 10000, 0, 117830000, 115100000, 55.53, 180.076, 18.008, 639.00, nano3
nano3_apache2_c_100, Apache/2.4.7, 54.186.197.35, 11510, 100, 15.974, 10000, 0, 117830000, 115100000, 626.00, 159.745, 1.597, 7203.26, nano3
nano3_apache2_c_110, Apache/2.4.7, 54.186.197.35, 11510, 110, 31.545, 10000, 0, 117830000, 115100000, 317.01, 346.996, 3.155, 3647.74, nano3
nano3_apache2_c_120, Apache/2.4.7, 54.186.197.35, 11510, 120, 15.864, 10000, 0, 117830000, 115100000, 630.37, 190.366, 1.586, 7253.52, nano3
nano3_apache2_c_130, Apache/2.4.7, 54.186.197.35, 11510, 130, 16.047, 10000, 0, 117830000, 115100000, 623.19, 208.605, 1.605, 7170.92, nano3
nano3_apache2_c_140, Apache/2.4.7, 54.186.197.35, 11510, 140, 33.806, 10000, 0, 117830000, 115100000, 295.80, 473.291, 3.381, 3403.74, nano3
nano3_apache2_c_150, Apache/2.4.7, 54.186.197.35, 11510, 150, 13.600, 10000, 0, 117830000, 115100000, 735.30, 203.999, 1.360, 8460.96, nano3
nano3_apache2_c_160, Apache/2.4.7, 54.186.197.35, 11510, 160, 15.768, 10000, 0, 117830000, 115100000, 634.18, 252.293, 1.577, 7297.43, nano3
nano3_apache2_c_170, Apache/2.4.7, 54.186.197.35, 11510, 170, 29.868, 10000, 0, 117830000, 115100000, 334.81, 507.753, 2.987, 3852.59, nano3
nano3_apache2_c_180, Apache/2.4.7, 54.186.197.35, 11510, 180, 18.145, 10000, 0, 117830000, 115100000, 551.10, 326.617, 1.815, 6341.46, nano3
nano3_apache2_c_190, Apache/2.4.7, 54.186.197.35, 11510, 190, 16.350, 10000, 0, 117830000, 115100000, 611.62, 310.650, 1.635, 7037.83, nano3
nano3_apache2_c_20, Apache/2.4.7, 54.186.197.35, 11510, 20, 112.002, 10000, 0, 117830000, 115100000, 89.28, 224.004, 11.200, 1027.38, nano3
nano3_apache2_c_200, Apache/2.4.7, 54.186.197.35, 11510, 200, 15.203, 10000, 0, 117830000, 115100000, 657.76, 304.061, 1.520, 7568.77, nano3
nano3_apache2_c_210, Apache/2.4.7, 54.186.197.35, 11510, 210, 38.360, 10000, 0, 117830000, 115100000, 260.69, 805.568, 3.836, 2999.67, nano3
nano3_apache2_c_220, Apache/2.4.7, 54.186.197.35, 11510, 220, 10.868, 10000, 0, 117830000, 115100000, 920.09, 239.106, 1.087, 10587.38, nano3
nano3_apache2_c_230, Apache/2.4.7, 54.186.197.35, 11510, 230, 16.248, 10000, 0, 117830000, 115100000, 615.45, 373.712, 1.625, 7081.84, nano3
nano3_apache2_c_240, Apache/2.4.7, 54.186.197.35, 11510, 240, 33.685, 10000, 0, 117830000, 115100000, 296.87, 808.444, 3.369, 3416.00, nano3
nano3_apache2_c_250, Apache/2.4.7, 54.186.197.35, 11510, 250, 15.456, 10000, 0, 117830000, 115100000, 646.98, 386.412, 1.546, 7444.66, nano3
nano3_apache2_c_260, Apache/2.4.7, 54.186.197.35, 11510, 260, 16.382, 10000, 0, 117830000, 115100000, 610.42, 425.934, 1.638, 7024.04, nano3
nano3_apache2_c_270, Apache/2.4.7, 54.186.197.35, 11510, 270, 16.257, 10000, 0, 117830000, 115100000, 615.14, 438.927, 1.626, 7078.28, nano3
nano3_apache2_c_280, Apache/2.4.7, 54.186.197.35, 11510, 280, 17.365, 10000, 0, 117830000, 115100000, 575.86, 486.232, 1.737, 6626.29, nano3
nano3_apache2_c_290, Apache/2.4.7, 54.186.197.35, 11510, 290, 16.612, 10000, 0, 117830000, 115100000, 601.96, 481.760, 1.661, 6926.65, nano3
nano3_apache2_c_30, Apache/2.4.7, 54.186.197.35, 11510, 30, 8.462, 10000, 0, 117830000, 115100000, 1181.82, 25.385, 0.846, 13598.96, nano3
nano3_apache2_c_300, Apache/2.4.7, 54.186.197.35, 11510, 300, 16.064, 10000, 0, 117830000, 115100000, 622.49, 481.932, 1.606, 7162.94, nano3
nano3_apache2_c_310, Apache/2.4.7, 54.186.197.35, 11510, 310, 35.263, 10000, 0, 117830000, 115100000, 283.58, 1093.161, 3.526, 3263.12, nano3
nano3_apache2_c_320, Apache/2.4.7, 54.186.197.35, 11510, 320, 16.628, 10000, 0, 117830000, 115100000, 601.40, 532.093, 1.663, 6920.20, nano3
nano3_apache2_c_330, Apache/2.4.7, 54.186.197.35, 11510, 330, 18.668, 10000, 0, 117830000, 115100000, 535.66, 616.058, 1.867, 6163.80, nano3
nano3_apache2_c_340, Apache/2.4.7, 54.186.197.35, 11510, 340, 17.973, 10000, 0, 117830000, 115100000, 556.39, 611.079, 1.797, 6402.32, nano3
nano3_apache2_c_350, Apache/2.4.7, 54.186.197.35, 11510, 350, 17.907, 10000, 0, 117830000, 115100000, 558.45, 626.733, 1.791, 6426.01, nano3
nano3_apache2_c_360, Apache/2.4.7, 54.186.197.35, 11510, 360, 14.355, 10000, 0, 117830000, 115100000, 696.60, 516.794, 1.436, 8015.69, nano3
nano3_apache2_c_370, Apache/2.4.7, 54.186.197.35, 11510, 370, 39.796, 10000, 0, 117830000, 115100000, 251.28, 1472.449, 3.980, 2891.46, nano3
nano3_apache2_c_390, Apache/2.4.7, 54.186.197.35, 11510, 390, 10.394, 10000, 0, 117830000, 115100000, 962.10, 405.363, 1.039, 11070.74, nano3
nano3_apache2_c_40, Apache/2.4.7, 54.186.197.35, 11510, 40, 83.181, 10000, 0, 117830000, 115100000, 120.22, 332.725, 8.318, 1383.35, nano3
nano3_apache2_c_400, Apache/2.4.7, 54.186.197.35, 11510, 400, 20.851, 10000, 0, 117830000, 115100000, 479.59, 834.039, 2.085, 5518.61, nano3
nano3_apache2_c_410, Apache/2.4.7, 54.186.197.35, 11510, 410, 10.743, 10000, 0, 117830000, 115100000, 930.86, 440.451, 1.074, 10711.31, nano3
nano3_apache2_c_420, Apache/2.4.7, 54.186.197.35, 11510, 420, 10.731, 10000, 0, 117830000, 115100000, 931.85, 450.714, 1.073, 10722.69, nano3
nano3_apache2_c_430, Apache/2.4.7, 54.186.197.35, 11510, 430, 15.967, 10000, 0, 117830000, 115100000, 626.27, 686.600, 1.597, 7206.44, nano3
nano3_apache2_c_440, Apache/2.4.7, 54.186.197.35, 11510, 440, 41.071, 10000, 0, 117830000, 115100000, 243.48, 1807.123, 4.107, 2801.70, nano3
nano3_apache2_c_450, Apache/2.4.7, 54.186.197.35, 11510, 450, 9.701, 10000, 0, 117830000, 115100000, 1030.77, 436.566, 0.970, 11860.92, nano3
nano3_apache2_c_460, Apache/2.4.7, 54.186.197.35, 11510, 460, 14.866, 10000, 0, 117830000, 115100000, 672.66, 683.849, 1.487, 7740.22, nano3
nano3_apache2_c_470, Apache/2.4.7, 54.186.197.35, 11510, 470, 14.924, 10000, 0, 117830000, 115100000, 670.08, 701.409, 1.492, 7710.50, nano3
nano3_apache2_c_480, Apache/2.4.7, 54.186.197.35, 11510, 480, 14.799, 10000, 0, 117830000, 115100000, 675.71, 710.365, 1.480, 7775.27, nano3
nano3_apache2_c_490, Apache/2.4.7, 54.186.197.35, 11510, 490, 17.579, 10000, 0, 117830000, 115100000, 568.85, 861.392, 1.758, 6545.62, nano3
nano3_apache2_c_50, Apache/2.4.7, 54.186.197.35, 11510, 50, 77.005, 10000, 0, 117830000, 115100000, 129.86, 385.023, 7.700, 1494.31, nano3
nano3_apache2_c_500, Apache/2.4.7, 54.186.197.35, 11510, 500, 24.480, 10000, 0, 117830000, 115100000, 408.49, 1224.011, 2.448, 4700.46, nano3
nano3_apache2_c_510, Apache/2.4.7, 54.186.197.35, 11510, 510, 30.001, 10000, 0, 117830000, 115100000, 333.32, 1530.044, 3.000, 3835.50, nano3
nano3_apache2_c_530, Apache/2.4.7, 54.186.197.35, 11510, 530, 8.732, 10000, 0, 117830000, 115100000, 1145.24, 462.787, 0.873, 13178.05, nano3
nano3_apache2_c_540, Apache/2.4.7, 54.186.197.35, 11510, 540, 10.759, 10000, 0, 117830000, 115100000, 929.42, 581.006, 1.076, 10694.71, nano3
nano3_apache2_c_550, Apache/2.4.7, 54.186.197.35, 11510, 550, 43.558, 10000, 0, 117830000, 115100000, 229.58, 2395.674, 4.356, 2641.74, nano3
nano3_apache2_c_580, Apache/2.4.7, 54.186.197.35, 11510, 580, 10.180, 10000, 0, 117830000, 115100000, 982.27, 590.467, 1.018, 11302.87, nano3
nano3_apache2_c_590, Apache/2.4.7, 54.186.197.35, 11510, 590, 10.897, 10000, 0, 117830000, 115100000, 917.65, 642.943, 1.090, 10559.30, nano3
nano3_apache2_c_60, Apache/2.4.7, 54.186.197.35, 11510, 60, 61.673, 10000, 0, 117830000, 115100000, 162.15, 370.037, 6.167, 1865.79, nano3
nano3_apache2_c_600, Apache/2.4.7, 54.186.197.35, 11510, 600, 27.141, 10000, 0, 117830000, 115100000, 368.44, 1628.486, 2.714, 4239.58, nano3
nano3_apache2_c_610, Apache/2.4.7, 54.186.197.35, 11510, 610, 16.217, 10000, 0, 117830000, 115100000, 616.63, 989.255, 1.622, 7095.41, nano3
nano3_apache2_c_630, Apache/2.4.7, 54.186.197.35, 11510, 630, 9.646, 10000, 0, 117830000, 115100000, 1036.65, 607.728, 0.965, 11928.54, nano3
nano3_apache2_c_640, Apache/2.4.7, 54.186.197.35, 11510, 640, 31.621, 10000, 0, 117830000, 115100000, 316.24, 2023.772, 3.162, 3638.93, nano3
nano3_apache2_c_660, Apache/2.4.7, 54.186.197.35, 11510, 660, 25.768, 10000, 0, 117830000, 115100000, 388.08, 1700.670, 2.577, 4465.60, nano3
nano3_apache2_c_670, Apache/2.4.7, 54.186.197.35, 11510, 670, 47.933, 10000, 0, 117830000, 115100000, 208.62, 3211.539, 4.793, 2400.59, nano3
nano3_apache2_c_680, Apache/2.4.7, 54.186.197.35, 11510, 680, 42.266, 10000, 0, 117830000, 115100000, 236.60, 2874.054, 4.227, 2722.51, nano3
nano3_apache2_c_70, Apache/2.4.7, 54.186.197.35, 11510, 70, 46.787, 10000, 0, 117830000, 115100000, 213.73, 327.509, 4.679, 2459.41, nano3
nano3_apache2_c_700, Apache/2.4.7, 54.186.197.35, 11510, 700, 12.981, 10000, 0, 117830000, 115100000, 770.34, 908.691, 1.298, 8864.16, nano3
nano3_apache2_c_710, Apache/2.4.7, 54.186.197.35, 11510, 710, 11.426, 10000, 0, 117830000, 115100000, 875.23, 811.212, 1.143, 10071.16, nano3
nano3_apache2_c_720, Apache/2.4.7, 54.186.197.35, 11510, 720, 12.344, 10000, 0, 117830000, 115100000, 810.09, 888.786, 1.234, 9321.61, nano3
nano3_apache2_c_730, Apache/2.4.7, 54.186.197.35, 11510, 730, 12.291, 10000, 0, 117830000, 115100000, 813.61, 897.237, 1.229, 9362.06, nano3
nano3_apache2_c_740, Apache/2.4.7, 54.186.197.35, 11510, 740, 39.315, 10000, 0, 117830000, 115100000, 254.36, 2909.295, 3.931, 2926.85, nano3
nano3_apache2_c_770, Apache/2.4.7, 54.186.197.35, 11510, 770, 21.677, 10000, 0, 117830000, 115100000, 461.32, 1669.114, 2.168, 5308.36, nano3
nano3_apache2_c_780, Apache/2.4.7, 54.186.197.35, 11510, 780, 9.717, 10000, 0, 117830000, 115100000, 1029.10, 757.944, 0.972, 11841.69, nano3
nano3_apache2_c_790, Apache/2.4.7, 54.186.197.35, 11510, 790, 12.821, 10000, 0, 117830000, 115100000, 779.96, 1012.872, 1.282, 8974.88, nano3
nano3_apache2_c_80, Apache/2.4.7, 54.186.197.35, 11510, 80, 15.849, 10000, 0, 117830000, 115100000, 630.94, 126.795, 1.585, 7260.11, nano3
nano3_apache2_c_800, Apache/2.4.7, 54.186.197.35, 11510, 800, 12.823, 10000, 0, 117830000, 115100000, 779.83, 1025.870, 1.282, 8973.33, nano3
nano3_apache2_c_810, Apache/2.4.7, 54.186.197.35, 11510, 810, 11.939, 10000, 0, 117830000, 115100000, 837.62, 967.028, 1.194, 9638.33, nano3
nano3_apache2_c_820, Apache/2.4.7, 54.186.197.35, 11510, 820, 13.086, 10000, 0, 117830000, 115100000, 764.16, 1073.075, 1.309, 8793.05, nano3
nano3_apache2_c_830, Apache/2.4.7, 54.186.197.35, 11510, 830, 11.753, 10000, 0, 117830000, 115100000, 850.82, 975.529, 1.175, 9790.25, nano3
nano3_apache2_c_840, Apache/2.4.7, 54.186.197.35, 11510, 840, 12.208, 10000, 0, 117830000, 115100000, 819.16, 1025.438, 1.221, 9425.97, nano3
nano3_apache2_c_860, Apache/2.4.7, 54.186.197.35, 11510, 860, 39.411, 10000, 0, 117830000, 115100000, 253.73, 3389.367, 3.941, 2919.68, nano3
nano3_apache2_c_870, Apache/2.4.7, 54.186.197.35, 11510, 870, 36.631, 10000, 0, 117830000, 115100000, 272.99, 3186.884, 3.663, 3141.30, nano3
nano3_apache2_c_90, Apache/2.4.7, 54.186.197.35, 11510, 90, 31.675, 10000, 0, 117830000, 115100000, 315.71, 285.072, 3.167, 3632.82, nano3
nano3_apache2_c_970, Apache/2.4.7, 54.186.197.35, 11510, 970, 33.398, 10000, 0, 117830000, 115100000, 299.42, 3239.623, 3.340, 3445.35, nano3
nano3_apache2_c_980, Apache/2.4.7, 54.186.197.35, 11510, 980, 24.788, 10000, 0, 117830000, 115100000, 403.42, 2429.217, 2.479, 4642.11, nano3
nano3_nginx_c_100, nginx/1.4.6, 54.186.197.35, 612, 10, 0.703, 1000, 0, 853000, 612000, 1421.84, 7.033, 0.703, 1184.40, nano3
nano3_nginx_c_1000, nginx/1.4.6, 54.186.197.35, 612, 100, 0.309, 1000, 0, 853000, 612000, 3233.13, 30.930, 0.309, 2693.22, nano3
nano3_nginx_c_110, nginx/1.4.6, 54.186.197.35, 612, 11, 0.774, 1000, 0, 853000, 612000, 1291.45, 8.518, 0.774, 1075.79, nano3
nano3_nginx_c_120, nginx/1.4.6, 54.186.197.35, 612, 12, 0.642, 1000, 0, 853000, 612000, 1556.75, 7.708, 0.642, 1296.79, nano3
nano3_nginx_c_130, nginx/1.4.6, 54.186.197.35, 612, 13, 0.615, 1000, 0, 853000, 612000, 1627.00, 7.990, 0.615, 1355.30, nano3
nano3_nginx_c_140, nginx/1.4.6, 54.186.197.35, 612, 14, 0.550, 1000, 0, 853000, 612000, 1817.73, 7.702, 0.550, 1514.18, nano3
nano3_nginx_c_150, nginx/1.4.6, 54.186.197.35, 612, 15, 0.539, 1000, 0, 853000, 612000, 1856.49, 8.080, 0.539, 1546.47, nano3
nano3_nginx_c_160, nginx/1.4.6, 54.186.197.35, 612, 16, 0.712, 1000, 0, 853000, 612000, 1405.10, 11.387, 0.712, 1170.46, nano3
nano3_nginx_c_190, nginx/1.4.6, 54.186.197.35, 612, 19, 15.313, 1000, 0, 853000, 612000, 65.31, 290.942, 15.313, 54.40, nano3
nano3_nginx_c_20, nginx/1.4.6, 54.186.197.35, 612, 2, 2.526, 1000, 0, 853000, 612000, 395.87, 5.052, 2.526, 329.76, nano3
nano3_nginx_c_200, nginx/1.4.6, 54.186.197.35, 612, 20, 0.309, 1000, 0, 853000, 612000, 3239.75, 6.173, 0.309, 2698.74, nano3
nano3_nginx_c_210, nginx/1.4.6, 54.186.197.35, 612, 21, 0.311, 1000, 0, 853000, 612000, 3218.35, 6.525, 0.311, 2680.91, nano3
nano3_nginx_c_220, nginx/1.4.6, 54.186.197.35, 612, 22, 0.336, 1000, 0, 853000, 612000, 2975.06, 7.395, 0.336, 2478.25, nano3
nano3_nginx_c_230, nginx/1.4.6, 54.186.197.35, 612, 23, 0.329, 1000, 0, 853000, 612000, 3039.61, 7.567, 0.329, 2532.02, nano3
nano3_nginx_c_240, nginx/1.4.6, 54.186.197.35, 612, 24, 0.298, 1000, 0, 853000, 612000, 3356.50, 7.150, 0.298, 2795.99, nano3
nano3_nginx_c_250, nginx/1.4.6, 54.186.197.35, 612, 25, 0.373, 1000, 0, 853000, 612000, 2679.88, 9.329, 0.373, 2232.36, nano3
nano3_nginx_c_260, nginx/1.4.6, 54.186.197.35, 612, 26, 4.650, 1000, 0, 853000, 612000, 215.06, 120.895, 4.650, 179.15, nano3
nano3_nginx_c_270, nginx/1.4.6, 54.186.197.35, 612, 27, 2.602, 1000, 0, 853000, 612000, 384.27, 70.263, 2.602, 320.10, nano3
nano3_nginx_c_280, nginx/1.4.6, 54.186.197.35, 612, 28, 0.379, 1000, 0, 853000, 612000, 2640.99, 10.602, 0.379, 2199.96, nano3
nano3_nginx_c_290, nginx/1.4.6, 54.186.197.35, 612, 29, 0.318, 1000, 0, 853000, 612000, 3145.24, 9.220, 0.318, 2620.01, nano3
nano3_nginx_c_30, nginx/1.4.6, 54.186.197.35, 612, 3, 0.914, 1000, 0, 853000, 612000, 1093.73, 2.743, 0.914, 911.09, nano3
nano3_nginx_c_300, nginx/1.4.6, 54.186.197.35, 612, 30, 0.394, 1000, 0, 853000, 612000, 2541.13, 11.806, 0.394, 2116.78, nano3
nano3_nginx_c_310, nginx/1.4.6, 54.186.197.35, 612, 31, 0.378, 1000, 0, 853000, 612000, 2648.18, 11.706, 0.378, 2205.95, nano3
nano3_nginx_c_320, nginx/1.4.6, 54.186.197.35, 612, 32, 0.366, 1000, 0, 853000, 612000, 2731.45, 11.715, 0.366, 2275.32, nano3
nano3_nginx_c_330, nginx/1.4.6, 54.186.197.35, 612, 33, 0.306, 1000, 0, 853000, 612000, 3265.78, 10.105, 0.306, 2720.42, nano3
nano3_nginx_c_340, nginx/1.4.6, 54.186.197.35, 612, 34, 0.313, 1000, 0, 853000, 612000, 3194.71, 10.643, 0.313, 2661.22, nano3
nano3_nginx_c_350, nginx/1.4.6, 54.186.197.35, 612, 35, 0.337, 1000, 0, 853000, 612000, 2966.64, 11.798, 0.337, 2471.23, nano3
nano3_nginx_c_360, nginx/1.4.6, 54.186.197.35, 612, 36, 0.306, 1000, 0, 853000, 612000, 3267.15, 11.019, 0.306, 2721.56, nano3
nano3_nginx_c_370, nginx/1.4.6, 54.186.197.35, 612, 37, 0.303, 1000, 0, 853000, 612000, 3303.37, 11.201, 0.303, 2751.73, nano3
nano3_nginx_c_380, nginx/1.4.6, 54.186.197.35, 612, 38, 0.329, 1000, 0, 853000, 612000, 3040.52, 12.498, 0.329, 2532.78, nano3
nano3_nginx_c_390, nginx/1.4.6, 54.186.197.35, 612, 39, 0.327, 1000, 0, 853000, 612000, 3061.17, 12.740, 0.327, 2549.98, nano3
nano3_nginx_c_40, nginx/1.4.6, 54.186.197.35, 612, 4, 0.782, 1000, 0, 853000, 612000, 1278.09, 3.130, 0.782, 1064.66, nano3
nano3_nginx_c_400, nginx/1.4.6, 54.186.197.35, 612, 40, 0.404, 1000, 0, 853000, 612000, 2473.04, 16.174, 0.404, 2060.06, nano3
nano3_nginx_c_410, nginx/1.4.6, 54.186.197.35, 612, 41, 0.410, 1000, 0, 853000, 612000, 2441.67, 16.792, 0.410, 2033.93, nano3
nano3_nginx_c_420, nginx/1.4.6, 54.186.197.35, 612, 42, 0.319, 1000, 0, 853000, 612000, 3137.12, 13.388, 0.319, 2613.24, nano3
nano3_nginx_c_430, nginx/1.4.6, 54.186.197.35, 612, 43, 0.334, 1000, 0, 853000, 612000, 2994.41, 14.360, 0.334, 2494.36, nano3
nano3_nginx_c_440, nginx/1.4.6, 54.186.197.35, 612, 44, 0.333, 1000, 0, 853000, 612000, 3003.02, 14.652, 0.333, 2501.54, nano3
nano3_nginx_c_460, nginx/1.4.6, 54.186.197.35, 612, 46, 0.373, 1000, 0, 853000, 612000, 2684.07, 17.138, 0.373, 2235.85, nano3
nano3_nginx_c_470, nginx/1.4.6, 54.186.197.35, 612, 47, 0.377, 1000, 0, 853000, 612000, 2651.74, 17.724, 0.377, 2208.92, nano3
nano3_nginx_c_480, nginx/1.4.6, 54.186.197.35, 612, 48, 0.376, 1000, 0, 853000, 612000, 2657.75, 18.060, 0.376, 2213.93, nano3
nano3_nginx_c_490, nginx/1.4.6, 54.186.197.35, 612, 49, 0.357, 1000, 0, 853000, 612000, 2802.42, 17.485, 0.357, 2334.44, nano3
nano3_nginx_c_50, nginx/1.4.6, 54.186.197.35, 612, 5, 0.744, 1000, 0, 853000, 612000, 1344.23, 3.720, 0.744, 1119.76, nano3
nano3_nginx_c_500, nginx/1.4.6, 54.186.197.35, 612, 50, 0.389, 1000, 0, 853000, 612000, 2573.80, 19.427, 0.389, 2143.99, nano3
nano3_nginx_c_510, nginx/1.4.6, 54.186.197.35, 612, 51, 0.382, 1000, 0, 853000, 612000, 2615.07, 19.502, 0.382, 2178.37, nano3
nano3_nginx_c_520, nginx/1.4.6, 54.186.197.35, 612, 52, 0.391, 1000, 0, 853000, 612000, 2559.08, 20.320, 0.391, 2131.74, nano3
nano3_nginx_c_530, nginx/1.4.6, 54.186.197.35, 612, 53, 0.389, 1000, 0, 853000, 612000, 2568.34, 20.636, 0.389, 2139.44, nano3
nano3_nginx_c_540, nginx/1.4.6, 54.186.197.35, 612, 54, 0.395, 1000, 0, 853000, 612000, 2531.16, 21.334, 0.395, 2108.47, nano3
nano3_nginx_c_550, nginx/1.4.6, 54.186.197.35, 612, 55, 0.366, 1000, 0, 853000, 612000, 2734.37, 20.114, 0.366, 2277.75, nano3
nano3_nginx_c_560, nginx/1.4.6, 54.186.197.35, 612, 56, 0.317, 1000, 0, 853000, 612000, 3158.61, 17.729, 0.317, 2631.15, nano3
nano3_nginx_c_570, nginx/1.4.6, 54.186.197.35, 612, 57, 0.383, 1000, 0, 853000, 612000, 2613.46, 21.810, 0.383, 2177.04, nano3
nano3_nginx_c_580, nginx/1.4.6, 54.186.197.35, 612, 58, 0.355, 1000, 0, 853000, 612000, 2813.08, 20.618, 0.355, 2343.32, nano3
nano3_nginx_c_590, nginx/1.4.6, 54.186.197.35, 612, 59, 0.379, 1000, 0, 853000, 612000, 2639.28, 22.355, 0.379, 2198.54, nano3
nano3_nginx_c_600, nginx/1.4.6, 54.186.197.35, 612, 60, 0.316, 1000, 0, 853000, 612000, 3162.04, 18.975, 0.316, 2634.00, nano3
nano3_nginx_c_610, nginx/1.4.6, 54.186.197.35, 612, 61, 0.418, 1000, 0, 853000, 612000, 2390.67, 25.516, 0.418, 1991.45, nano3
nano3_nginx_c_620, nginx/1.4.6, 54.186.197.35, 612, 62, 0.348, 1000, 0, 853000, 612000, 2874.41, 21.570, 0.348, 2394.41, nano3
nano3_nginx_c_630, nginx/1.4.6, 54.186.197.35, 612, 63, 0.330, 1000, 0, 853000, 612000, 3029.59, 20.795, 0.330, 2523.67, nano3
nano3_nginx_c_640, nginx/1.4.6, 54.186.197.35, 612, 64, 0.324, 1000, 0, 853000, 612000, 3082.76, 20.761, 0.324, 2567.96, nano3
nano3_nginx_c_650, nginx/1.4.6, 54.186.197.35, 612, 65, 0.346, 1000, 0, 853000, 612000, 2891.79, 22.477, 0.346, 2408.89, nano3
nano3_nginx_c_660, nginx/1.4.6, 54.186.197.35, 612, 66, 0.353, 1000, 0, 853000, 612000, 2833.36, 23.294, 0.353, 2360.21, nano3
nano3_nginx_c_670, nginx/1.4.6, 54.186.197.35, 612, 67, 0.392, 1000, 0, 853000, 612000, 2549.68, 26.278, 0.392, 2123.90, nano3
nano3_nginx_c_680, nginx/1.4.6, 54.186.197.35, 612, 68, 0.373, 1000, 0, 853000, 612000, 2682.37, 25.351, 0.373, 2234.43, nano3
nano3_nginx_c_690, nginx/1.4.6, 54.186.197.35, 612, 69, 0.361, 1000, 0, 853000, 612000, 2771.86, 24.893, 0.361, 2308.98, nano3
nano3_nginx_c_70, nginx/1.4.6, 54.186.197.35, 612, 7, 0.582, 1000, 0, 853000, 612000, 1718.12, 4.074, 0.582, 1431.21, nano3
nano3_nginx_c_700, nginx/1.4.6, 54.186.197.35, 612, 70, 0.338, 1000, 0, 853000, 612000, 2955.27, 23.687, 0.338, 2461.76, nano3
nano3_nginx_c_710, nginx/1.4.6, 54.186.197.35, 612, 71, 0.382, 1000, 0, 853000, 612000, 2619.06, 27.109, 0.382, 2181.69, nano3
nano3_nginx_c_720, nginx/1.4.6, 54.186.197.35, 612, 72, 0.408, 1000, 0, 853000, 612000, 2449.36, 29.395, 0.408, 2040.34, nano3
nano3_nginx_c_730, nginx/1.4.6, 54.186.197.35, 612, 73, 0.390, 1000, 0, 853000, 612000, 2566.76, 28.441, 0.390, 2138.13, nano3
nano3_nginx_c_740, nginx/1.4.6, 54.186.197.35, 612, 74, 0.392, 1000, 0, 853000, 612000, 2549.97, 29.020, 0.392, 2124.14, nano3
nano3_nginx_c_750, nginx/1.4.6, 54.186.197.35, 612, 75, 0.387, 1000, 0, 853000, 612000, 2585.82, 29.004, 0.387, 2154.01, nano3
nano3_nginx_c_760, nginx/1.4.6, 54.186.197.35, 612, 76, 0.402, 1000, 0, 853000, 612000, 2485.32, 30.580, 0.402, 2070.29, nano3
nano3_nginx_c_770, nginx/1.4.6, 54.186.197.35, 612, 77, 0.389, 1000, 0, 853000, 612000, 2571.09, 29.948, 0.389, 2141.74, nano3
nano3_nginx_c_780, nginx/1.4.6, 54.186.197.35, 612, 78, 0.355, 1000, 0, 853000, 612000, 2812.95, 27.729, 0.355, 2343.21, nano3
nano3_nginx_c_790, nginx/1.4.6, 54.186.197.35, 612, 79, 0.298, 1000, 0, 853000, 612000, 3356.25, 23.538, 0.298, 2795.78, nano3
nano3_nginx_c_80, nginx/1.4.6, 54.186.197.35, 612, 8, 0.588, 1000, 0, 853000, 612000, 1700.23, 4.705, 0.588, 1416.31, nano3
nano3_nginx_c_800, nginx/1.4.6, 54.186.197.35, 612, 80, 0.307, 1000, 0, 853000, 612000, 3261.15, 24.531, 0.307, 2716.57, nano3
nano3_nginx_c_810, nginx/1.4.6, 54.186.197.35, 612, 81, 0.318, 1000, 0, 853000, 612000, 3142.96, 25.772, 0.318, 2618.11, nano3
nano3_nginx_c_820, nginx/1.4.6, 54.186.197.35, 612, 82, 0.299, 1000, 0, 853000, 612000, 3339.36, 24.556, 0.299, 2781.71, nano3
nano3_nginx_c_830, nginx/1.4.6, 54.186.197.35, 612, 83, 0.300, 1000, 0, 853000, 612000, 3335.50, 24.884, 0.300, 2778.50, nano3
nano3_nginx_c_840, nginx/1.4.6, 54.186.197.35, 612, 84, 0.385, 1000, 0, 853000, 612000, 2595.74, 32.361, 0.385, 2162.27, nano3
nano3_nginx_c_850, nginx/1.4.6, 54.186.197.35, 612, 85, 0.386, 1000, 0, 853000, 612000, 2592.49, 32.787, 0.386, 2159.57, nano3
nano3_nginx_c_860, nginx/1.4.6, 54.186.197.35, 612, 86, 0.403, 1000, 0, 853000, 612000, 2479.40, 34.686, 0.403, 2065.36, nano3
nano3_nginx_c_870, nginx/1.4.6, 54.186.197.35, 612, 87, 0.392, 1000, 0, 853000, 612000, 2549.36, 34.126, 0.392, 2123.63, nano3
nano3_nginx_c_880, nginx/1.4.6, 54.186.197.35, 612, 88, 0.394, 1000, 0, 853000, 612000, 2541.15, 34.630, 0.394, 2116.80, nano3
nano3_nginx_c_890, nginx/1.4.6, 54.186.197.35, 612, 89, 0.384, 1000, 0, 853000, 612000, 2605.83, 34.154, 0.384, 2170.68, nano3
nano3_nginx_c_90, nginx/1.4.6, 54.186.197.35, 612, 9, 0.655, 1000, 0, 853000, 612000, 1526.10, 5.897, 0.655, 1271.25, nano3
nano3_nginx_c_900, nginx/1.4.6, 54.186.197.35, 612, 90, 0.305, 1000, 0, 853000, 612000, 3282.41, 27.419, 0.305, 2734.27, nano3
nano3_nginx_c_910, nginx/1.4.6, 54.186.197.35, 612, 91, 0.305, 1000, 0, 853000, 612000, 3274.19, 27.793, 0.305, 2727.43, nano3
nano3_nginx_c_920, nginx/1.4.6, 54.186.197.35, 612, 92, 0.350, 1000, 0, 853000, 612000, 2853.38, 32.243, 0.350, 2376.88, nano3
nano3_nginx_c_930, nginx/1.4.6, 54.186.197.35, 612, 93, 0.305, 1000, 0, 853000, 612000, 3277.99, 28.371, 0.305, 2730.59, nano3
nano3_nginx_c_940, nginx/1.4.6, 54.186.197.35, 612, 94, 0.299, 1000, 0, 853000, 612000, 3341.16, 28.134, 0.299, 2783.21, nano3
nano3_nginx_c_950, nginx/1.4.6, 54.186.197.35, 612, 95, 0.307, 1000, 0, 853000, 612000, 3260.91, 29.133, 0.307, 2716.36, nano3
nano3_nginx_c_960, nginx/1.4.6, 54.186.197.35, 612, 96, 0.306, 1000, 0, 853000, 612000, 3270.59, 29.352, 0.306, 2724.43, nano3
nano3_nginx_c_970, nginx/1.4.6, 54.186.197.35, 612, 97, 0.305, 1000, 0, 853000, 612000, 3278.33, 29.588, 0.305, 2730.88, nano3
nano3_nginx_c_980, nginx/1.4.6, 54.186.197.35, 612, 98, 0.319, 1000, 0, 853000, 612000, 3139.33, 31.217, 0.319, 2615.09, nano3
nano3_nginx_c_990, nginx/1.4.6, 54.186.197.35, 612, 99, 0.364, 1000, 0, 853000, 612000, 2746.14, 36.051, 0.364, 2287.56, nano3
micro3_apache2_c_10, Apache/2.4.7, 54.200.80.169, 11510, 10, 50.168, 10000, 0, 117830000, 115100000, 199.33, 50.168, 5.017, 2293.65, micro3
micro3_apache2_c_100, Apache/2.4.7, 54.200.80.169, 11510, 100, 10.771, 10000, 0, 117830000, 115100000, 928.38, 107.714, 1.077, 10682.72, micro3
micro3_apache2_c_110, Apache/2.4.7, 54.200.80.169, 11510, 110, 16.078, 10000, 0, 117830000, 115100000, 621.98, 176.854, 1.608, 7157.06, micro3
micro3_apache2_c_120, Apache/2.4.7, 54.200.80.169, 11510, 120, 13.112, 10000, 0, 117830000, 115100000, 762.68, 157.340, 1.311, 8776.02, micro3
micro3_apache2_c_130, Apache/2.4.7, 54.200.80.169, 11510, 130, 12.507, 10000, 0, 117830000, 115100000, 799.55, 162.591, 1.251, 9200.30, micro3
micro3_apache2_c_140, Apache/2.4.7, 54.200.80.169, 11510, 140, 13.962, 10000, 0, 117830000, 115100000, 716.21, 195.474, 1.396, 8241.28, micro3
micro3_apache2_c_150, Apache/2.4.7, 54.200.80.169, 11510, 150, 26.403, 10000, 0, 117830000, 115100000, 378.74, 396.052, 2.640, 4358.07, micro3
micro3_apache2_c_160, Apache/2.4.7, 54.200.80.169, 11510, 160, 26.264, 10000, 0, 117830000, 115100000, 380.75, 420.225, 2.626, 4381.21, micro3
micro3_apache2_c_170, Apache/2.4.7, 54.200.80.169, 11510, 170, 17.971, 10000, 0, 117830000, 115100000, 556.45, 305.510, 1.797, 6402.93, micro3
micro3_apache2_c_180, Apache/2.4.7, 54.200.80.169, 11510, 180, 18.247, 10000, 0, 117830000, 115100000, 548.03, 328.446, 1.825, 6306.15, micro3
micro3_apache2_c_190, Apache/2.4.7, 54.200.80.169, 11510, 190, 10.431, 10000, 0, 117830000, 115100000, 958.69, 198.186, 1.043, 11031.53, micro3
micro3_apache2_c_20, Apache/2.4.7, 54.200.80.169, 11510, 20, 38.492, 10000, 0, 117830000, 115100000, 259.79, 76.984, 3.849, 2989.41, micro3
micro3_apache2_c_200, Apache/2.4.7, 54.200.80.169, 11510, 200, 21.466, 10000, 0, 117830000, 115100000, 465.86, 429.313, 2.147, 5360.58, micro3
micro3_apache2_c_210, Apache/2.4.7, 54.200.80.169, 11510, 210, 13.478, 10000, 0, 117830000, 115100000, 741.93, 283.047, 1.348, 8537.23, micro3
micro3_apache2_c_220, Apache/2.4.7, 54.200.80.169, 11510, 220, 10.581, 10000, 0, 117830000, 115100000, 945.07, 232.788, 1.058, 10874.71, micro3
micro3_apache2_c_230, Apache/2.4.7, 54.200.80.169, 11510, 230, 10.793, 10000, 0, 117830000, 115100000, 926.54, 248.234, 1.079, 10661.60, micro3
micro3_apache2_c_240, Apache/2.4.7, 54.200.80.169, 11510, 240, 21.948, 10000, 0, 117830000, 115100000, 455.62, 526.754, 2.195, 5242.75, micro3
micro3_apache2_c_250, Apache/2.4.7, 54.200.80.169, 11510, 250, 12.017, 10000, 0, 117830000, 115100000, 832.17, 300.419, 1.202, 9575.67, micro3
micro3_apache2_c_260, Apache/2.4.7, 54.200.80.169, 11510, 260, 12.241, 10000, 0, 117830000, 115100000, 816.94, 318.262, 1.224, 9400.36, micro3
micro3_apache2_c_270, Apache/2.4.7, 54.200.80.169, 11510, 270, 11.362, 10000, 0, 117830000, 115100000, 880.09, 306.786, 1.136, 10127.08, micro3
micro3_apache2_c_280, Apache/2.4.7, 54.200.80.169, 11510, 280, 10.731, 10000, 0, 117830000, 115100000, 931.86, 300.475, 1.073, 10722.72, micro3
micro3_apache2_c_290, Apache/2.4.7, 54.200.80.169, 11510, 290, 16.546, 10000, 0, 117830000, 115100000, 604.37, 479.837, 1.655, 6954.41, micro3
micro3_apache2_c_30, Apache/2.4.7, 54.200.80.169, 11510, 30, 51.984, 10000, 0, 117830000, 115100000, 192.37, 155.951, 5.198, 2213.54, micro3
micro3_apache2_c_300, Apache/2.4.7, 54.200.80.169, 11510, 300, 14.730, 10000, 0, 117830000, 115100000, 678.87, 441.911, 1.473, 7811.64, micro3
micro3_apache2_c_310, Apache/2.4.7, 54.200.80.169, 11510, 310, 14.096, 10000, 0, 117830000, 115100000, 709.43, 436.968, 1.410, 8163.34, micro3
micro3_apache2_c_320, Apache/2.4.7, 54.200.80.169, 11510, 320, 13.294, 10000, 0, 117830000, 115100000, 752.19, 425.423, 1.329, 8655.36, micro3
micro3_apache2_c_330, Apache/2.4.7, 54.200.80.169, 11510, 330, 11.792, 10000, 0, 117830000, 115100000, 848.02, 389.140, 1.179, 9758.07, micro3
micro3_apache2_c_340, Apache/2.4.7, 54.200.80.169, 11510, 340, 11.674, 10000, 0, 117830000, 115100000, 856.63, 396.906, 1.167, 9857.06, micro3
micro3_apache2_c_350, Apache/2.4.7, 54.200.80.169, 11510, 350, 11.411, 10000, 0, 117830000, 115100000, 876.32, 399.397, 1.141, 10083.68, micro3
micro3_apache2_c_360, Apache/2.4.7, 54.200.80.169, 11510, 360, 12.568, 10000, 0, 117830000, 115100000, 795.68, 452.444, 1.257, 9155.75, micro3
micro3_apache2_c_370, Apache/2.4.7, 54.200.80.169, 11510, 370, 19.953, 10000, 0, 117830000, 115100000, 501.17, 738.267, 1.995, 5766.93, micro3
micro3_apache2_c_380, Apache/2.4.7, 54.200.80.169, 11510, 380, 19.550, 10000, 0, 117830000, 115100000, 511.52, 742.882, 1.955, 5885.99, micro3
micro3_apache2_c_390, Apache/2.4.7, 54.200.80.169, 11510, 390, 10.693, 10000, 0, 117830000, 115100000, 935.15, 417.046, 1.069, 10760.61, micro3
micro3_apache2_c_40, Apache/2.4.7, 54.200.80.169, 11510, 40, 50.727, 10000, 0, 117830000, 115100000, 197.13, 202.908, 5.073, 2268.39, micro3
micro3_apache2_c_400, Apache/2.4.7, 54.200.80.169, 11510, 400, 10.658, 10000, 0, 117830000, 115100000, 938.24, 426.328, 1.066, 10796.22, micro3
micro3_apache2_c_410, Apache/2.4.7, 54.200.80.169, 11510, 410, 11.127, 10000, 0, 117830000, 115100000, 898.74, 456.193, 1.113, 10341.69, micro3
micro3_apache2_c_420, Apache/2.4.7, 54.200.80.169, 11510, 420, 10.626, 10000, 0, 117830000, 115100000, 941.08, 446.298, 1.063, 10828.81, micro3
micro3_apache2_c_430, Apache/2.4.7, 54.200.80.169, 11510, 430, 10.572, 10000, 0, 117830000, 115100000, 945.93, 454.578, 1.057, 10884.68, micro3
micro3_apache2_c_440, Apache/2.4.7, 54.200.80.169, 11510, 440, 10.609, 10000, 0, 117830000, 115100000, 942.58, 466.802, 1.061, 10846.15, micro3
micro3_apache2_c_450, Apache/2.4.7, 54.200.80.169, 11510, 450, 12.448, 10000, 0, 117830000, 115100000, 803.31, 560.180, 1.245, 9243.60, micro3
micro3_apache2_c_460, Apache/2.4.7, 54.200.80.169, 11510, 460, 10.598, 10000, 0, 117830000, 115100000, 943.55, 487.519, 1.060, 10857.31, micro3
micro3_apache2_c_470, Apache/2.4.7, 54.200.80.169, 11510, 470, 10.479, 10000, 0, 117830000, 115100000, 954.25, 492.534, 1.048, 10980.38, micro3
micro3_apache2_c_480, Apache/2.4.7, 54.200.80.169, 11510, 480, 11.213, 10000, 0, 117830000, 115100000, 891.79, 538.246, 1.121, 10261.63, micro3
micro3_apache2_c_490, Apache/2.4.7, 54.200.80.169, 11510, 490, 11.179, 10000, 0, 117830000, 115100000, 894.53, 547.773, 1.118, 10293.23, micro3
micro3_apache2_c_50, Apache/2.4.7, 54.200.80.169, 11510, 50, 39.263, 10000, 0, 117830000, 115100000, 254.69, 196.315, 3.926, 2930.71, micro3
micro3_apache2_c_500, Apache/2.4.7, 54.200.80.169, 11510, 500, 12.077, 10000, 0, 117830000, 115100000, 828.00, 603.867, 1.208, 9527.62, micro3
micro3_apache2_c_510, Apache/2.4.7, 54.200.80.169, 11510, 510, 12.398, 10000, 0, 117830000, 115100000, 806.58, 632.302, 1.240, 9281.14, micro3
micro3_apache2_c_520, Apache/2.4.7, 54.200.80.169, 11510, 520, 10.716, 10000, 0, 117830000, 115100000, 933.20, 557.225, 1.072, 10738.13, micro3
micro3_apache2_c_530, Apache/2.4.7, 54.200.80.169, 11510, 530, 10.575, 10000, 0, 117830000, 115100000, 945.58, 560.500, 1.058, 10880.68, micro3
micro3_apache2_c_540, Apache/2.4.7, 54.200.80.169, 11510, 540, 10.241, 10000, 0, 117830000, 115100000, 976.45, 553.026, 1.024, 11235.81, micro3
micro3_apache2_c_550, Apache/2.4.7, 54.200.80.169, 11510, 550, 11.063, 10000, 0, 117830000, 115100000, 903.93, 608.453, 1.106, 10401.40, micro3
micro3_apache2_c_560, Apache/2.4.7, 54.200.80.169, 11510, 560, 12.105, 10000, 0, 117830000, 115100000, 826.12, 677.870, 1.210, 9505.99, micro3
micro3_apache2_c_570, Apache/2.4.7, 54.200.80.169, 11510, 570, 10.948, 10000, 0, 117830000, 115100000, 913.38, 624.057, 1.095, 10510.10, micro3
micro3_apache2_c_580, Apache/2.4.7, 54.200.80.169, 11510, 580, 10.862, 10000, 0, 117830000, 115100000, 920.67, 629.974, 1.086, 10594.03, micro3
micro3_apache2_c_590, Apache/2.4.7, 54.200.80.169, 11510, 590, 10.831, 10000, 0, 117830000, 115100000, 923.25, 639.045, 1.083, 10623.72, micro3
micro3_apache2_c_60, Apache/2.4.7, 54.200.80.169, 11510, 60, 21.518, 10000, 0, 117830000, 115100000, 464.74, 129.106, 2.152, 5347.63, micro3
micro3_apache2_c_600, Apache/2.4.7, 54.200.80.169, 11510, 600, 11.249, 10000, 0, 117830000, 115100000, 888.96, 674.948, 1.125, 10229.09, micro3
micro3_apache2_c_610, Apache/2.4.7, 54.200.80.169, 11510, 610, 12.266, 10000, 0, 117830000, 115100000, 815.29, 748.203, 1.227, 9381.37, micro3
micro3_apache2_c_620, Apache/2.4.7, 54.200.80.169, 11510, 620, 10.547, 10000, 0, 117830000, 115100000, 948.12, 653.924, 1.055, 10909.89, micro3
micro3_apache2_c_630, Apache/2.4.7, 54.200.80.169, 11510, 630, 11.149, 10000, 0, 117830000, 115100000, 896.98, 702.359, 1.115, 10321.36, micro3
micro3_apache2_c_640, Apache/2.4.7, 54.200.80.169, 11510, 640, 10.708, 10000, 0, 117830000, 115100000, 933.89, 685.306, 1.071, 10746.11, micro3
micro3_apache2_c_650, Apache/2.4.7, 54.200.80.169, 11510, 650, 10.547, 10000, 0, 117830000, 115100000, 948.14, 685.550, 1.055, 10910.13, micro3
micro3_apache2_c_660, Apache/2.4.7, 54.200.80.169, 11510, 660, 12.585, 10000, 0, 117830000, 115100000, 794.59, 830.621, 1.259, 9143.18, micro3
micro3_apache2_c_670, Apache/2.4.7, 54.200.80.169, 11510, 670, 12.027, 10000, 0, 117830000, 115100000, 831.45, 805.822, 1.203, 9567.35, micro3
micro3_apache2_c_680, Apache/2.4.7, 54.200.80.169, 11510, 680, 11.202, 10000, 0, 117830000, 115100000, 892.74, 761.702, 1.120, 10272.58, micro3
micro3_apache2_c_690, Apache/2.4.7, 54.200.80.169, 11510, 690, 10.660, 10000, 0, 117830000, 115100000, 938.12, 735.515, 1.066, 10794.78, micro3
micro3_apache2_c_70, Apache/2.4.7, 54.200.80.169, 11510, 70, 19.284, 10000, 0, 117830000, 115100000, 518.56, 134.990, 1.928, 5966.94, micro3
micro3_apache2_c_700, Apache/2.4.7, 54.200.80.169, 11510, 700, 11.558, 10000, 0, 117830000, 115100000, 865.22, 809.045, 1.156, 9955.92, micro3
micro3_apache2_c_710, Apache/2.4.7, 54.200.80.169, 11510, 710, 12.269, 10000, 0, 117830000, 115100000, 815.06, 871.097, 1.227, 9378.81, micro3
micro3_apache2_c_720, Apache/2.4.7, 54.200.80.169, 11510, 720, 13.532, 10000, 0, 117830000, 115100000, 738.97, 974.328, 1.353, 8503.22, micro3
micro3_apache2_c_730, Apache/2.4.7, 54.200.80.169, 11510, 730, 13.395, 10000, 0, 117830000, 115100000, 746.52, 977.864, 1.340, 8590.14, micro3
micro3_apache2_c_740, Apache/2.4.7, 54.200.80.169, 11510, 740, 11.106, 10000, 0, 117830000, 115100000, 900.37, 821.881, 1.111, 10360.46, micro3
micro3_apache2_c_750, Apache/2.4.7, 54.200.80.169, 11510, 750, 11.468, 10000, 0, 117830000, 115100000, 871.97, 860.124, 1.147, 10033.59, micro3
micro3_apache2_c_760, Apache/2.4.7, 54.200.80.169, 11510, 760, 13.124, 10000, 0, 117830000, 115100000, 761.96, 997.423, 1.312, 8767.79, micro3
micro3_apache2_c_770, Apache/2.4.7, 54.200.80.169, 11510, 770, 16.487, 10000, 0, 117830000, 115100000, 606.56, 1269.462, 1.649, 6979.54, micro3
micro3_apache2_c_780, Apache/2.4.7, 54.200.80.169, 11510, 780, 12.413, 10000, 0, 117830000, 115100000, 805.60, 968.222, 1.241, 9269.91, micro3
micro3_apache2_c_790, Apache/2.4.7, 54.200.80.169, 11510, 790, 19.516, 10000, 0, 117830000, 115100000, 512.41, 1541.738, 1.952, 5896.20, micro3
micro3_apache2_c_80, Apache/2.4.7, 54.200.80.169, 11510, 80, 33.110, 10000, 0, 117830000, 115100000, 302.03, 264.876, 3.311, 3475.38, micro3
micro3_apache2_c_800, Apache/2.4.7, 54.200.80.169, 11510, 800, 60.495, 10000, 0, 117830000, 115100000, 165.30, 4839.603, 6.050, 1902.11, micro3
micro3_apache2_c_870, Apache/2.4.7, 54.200.80.169, 11510, 870, 96.243, 10000, 0, 117830000, 115100000, 103.90, 8373.122, 9.624, 1195.61, micro3
micro3_apache2_c_90, Apache/2.4.7, 54.200.80.169, 11510, 90, 14.195, 10000, 0, 117830000, 115100000, 704.45, 127.758, 1.420, 8106.04, micro3
micro3_apache2_c_940, Apache/2.4.7, 54.200.80.169, 11510, 940, 36.016, 10000, 0, 117830000, 115100000, 277.65, 3385.520, 3.602, 3194.91, micro3
micro3_apache2_c_960, Apache/2.4.7, 54.200.80.169, 11510, 960, 45.756, 10000, 0, 117830000, 115100000, 218.55, 4392.570, 4.576, 2514.83, micro3
micro3_nginx_c_10, nginx/1.4.6, 54.200.80.169, 612, 1, 1.634, 1000, 0, 853000, 612000, 612.11, 1.634, 1.634, 509.89, micro3
micro3_nginx_c_100, nginx/1.4.6, 54.200.80.169, 612, 10, 0.600, 1000, 0, 853000, 612000, 1667.37, 5.997, 0.600, 1388.93, micro3
micro3_nginx_c_1000, nginx/1.4.6, 54.200.80.169, 612, 100, 0.555, 1000, 0, 853000, 612000, 1801.32, 55.515, 0.555, 1500.52, micro3
micro3_nginx_c_110, nginx/1.4.6, 54.200.80.169, 612, 11, 0.621, 1000, 0, 853000, 612000, 1610.68, 6.829, 0.621, 1341.71, micro3
micro3_nginx_c_120, nginx/1.4.6, 54.200.80.169, 612, 12, 2.527, 1000, 0, 853000, 612000, 395.74, 30.323, 2.527, 329.66, micro3
micro3_nginx_c_130, nginx/1.4.6, 54.200.80.169, 612, 13, 1.299, 1000, 0, 853000, 612000, 769.79, 16.888, 1.299, 641.24, micro3
micro3_nginx_c_140, nginx/1.4.6, 54.200.80.169, 612, 14, 1.476, 1000, 0, 853000, 612000, 677.37, 20.668, 1.476, 564.25, micro3
micro3_nginx_c_150, nginx/1.4.6, 54.200.80.169, 612, 15, 2.505, 1000, 0, 853000, 612000, 399.20, 37.575, 2.505, 332.54, micro3
micro3_nginx_c_160, nginx/1.4.6, 54.200.80.169, 612, 16, 0.604, 1000, 0, 853000, 612000, 1656.29, 9.660, 0.604, 1379.70, micro3
micro3_nginx_c_170, nginx/1.4.6, 54.200.80.169, 612, 17, 0.611, 1000, 0, 853000, 612000, 1636.07, 10.391, 0.611, 1362.86, micro3
micro3_nginx_c_180, nginx/1.4.6, 54.200.80.169, 612, 18, 0.595, 1000, 0, 853000, 612000, 1681.70, 10.703, 0.595, 1400.87, micro3
micro3_nginx_c_190, nginx/1.4.6, 54.200.80.169, 612, 19, 0.604, 1000, 0, 853000, 612000, 1656.39, 11.471, 0.604, 1379.78, micro3
micro3_nginx_c_20, nginx/1.4.6, 54.200.80.169, 612, 2, 1.578, 1000, 0, 853000, 612000, 633.67, 3.156, 1.578, 527.85, micro3
micro3_nginx_c_210, nginx/1.4.6, 54.200.80.169, 612, 21, 8.441, 1000, 0, 853000, 612000, 118.47, 177.263, 8.441, 98.68, micro3
micro3_nginx_c_220, nginx/1.4.6, 54.200.80.169, 612, 22, 0.626, 1000, 0, 853000, 612000, 1597.21, 13.774, 0.626, 1330.49, micro3
micro3_nginx_c_230, nginx/1.4.6, 54.200.80.169, 612, 23, 0.590, 1000, 0, 853000, 612000, 1695.96, 13.562, 0.590, 1412.75, micro3
micro3_nginx_c_240, nginx/1.4.6, 54.200.80.169, 612, 24, 0.590, 1000, 0, 853000, 612000, 1693.92, 14.168, 0.590, 1411.05, micro3
micro3_nginx_c_250, nginx/1.4.6, 54.200.80.169, 612, 25, 0.616, 1000, 0, 853000, 612000, 1624.43, 15.390, 0.616, 1353.16, micro3
micro3_nginx_c_260, nginx/1.4.6, 54.200.80.169, 612, 26, 0.606, 1000, 0, 853000, 612000, 1651.20, 15.746, 0.606, 1375.47, micro3
micro3_nginx_c_270, nginx/1.4.6, 54.200.80.169, 612, 27, 0.592, 1000, 0, 853000, 612000, 1689.75, 15.979, 0.592, 1407.58, micro3
micro3_nginx_c_280, nginx/1.4.6, 54.200.80.169, 612, 28, 0.611, 1000, 0, 853000, 612000, 1637.92, 17.095, 0.611, 1364.40, micro3
micro3_nginx_c_290, nginx/1.4.6, 54.200.80.169, 612, 29, 0.724, 1000, 0, 853000, 612000, 1381.32, 20.994, 0.724, 1150.65, micro3
micro3_nginx_c_30, nginx/1.4.6, 54.200.80.169, 612, 3, 0.695, 1000, 0, 853000, 612000, 1439.43, 2.084, 0.695, 1199.06, micro3
micro3_nginx_c_300, nginx/1.4.6, 54.200.80.169, 612, 30, 0.642, 1000, 0, 853000, 612000, 1557.80, 19.258, 0.642, 1297.66, micro3
micro3_nginx_c_310, nginx/1.4.6, 54.200.80.169, 612, 31, 0.647, 1000, 0, 853000, 612000, 1546.52, 20.045, 0.647, 1288.26, micro3
micro3_nginx_c_320, nginx/1.4.6, 54.200.80.169, 612, 32, 0.631, 1000, 0, 853000, 612000, 1585.07, 20.188, 0.631, 1320.37, micro3
micro3_nginx_c_330, nginx/1.4.6, 54.200.80.169, 612, 33, 0.595, 1000, 0, 853000, 612000, 1680.94, 19.632, 0.595, 1400.24, micro3
micro3_nginx_c_340, nginx/1.4.6, 54.200.80.169, 612, 34, 0.590, 1000, 0, 853000, 612000, 1695.02, 20.059, 0.590, 1411.96, micro3
micro3_nginx_c_350, nginx/1.4.6, 54.200.80.169, 612, 35, 0.651, 1000, 0, 853000, 612000, 1535.78, 22.790, 0.651, 1279.32, micro3
micro3_nginx_c_370, nginx/1.4.6, 54.200.80.169, 612, 37, 0.670, 1000, 0, 853000, 612000, 1493.53, 24.773, 0.670, 1244.13, micro3
micro3_nginx_c_380, nginx/1.4.6, 54.200.80.169, 612, 38, 0.607, 1000, 0, 853000, 612000, 1647.06, 23.071, 0.607, 1372.01, micro3
micro3_nginx_c_390, nginx/1.4.6, 54.200.80.169, 612, 39, 0.726, 1000, 0, 853000, 612000, 1377.76, 28.307, 0.726, 1147.69, micro3
micro3_nginx_c_40, nginx/1.4.6, 54.200.80.169, 612, 4, 0.635, 1000, 0, 853000, 612000, 1575.20, 2.539, 0.635, 1312.16, micro3
micro3_nginx_c_400, nginx/1.4.6, 54.200.80.169, 612, 40, 0.576, 1000, 0, 853000, 612000, 1737.10, 23.027, 0.576, 1447.02, micro3
micro3_nginx_c_410, nginx/1.4.6, 54.200.80.169, 612, 41, 0.604, 1000, 0, 853000, 612000, 1656.97, 24.744, 0.604, 1380.27, micro3
micro3_nginx_c_420, nginx/1.4.6, 54.200.80.169, 612, 42, 0.552, 1000, 0, 853000, 612000, 1811.33, 23.187, 0.552, 1508.85, micro3
micro3_nginx_c_430, nginx/1.4.6, 54.200.80.169, 612, 43, 0.581, 1000, 0, 853000, 612000, 1720.51, 24.993, 0.581, 1433.20, micro3
micro3_nginx_c_440, nginx/1.4.6, 54.200.80.169, 612, 44, 0.599, 1000, 0, 853000, 612000, 1669.70, 26.352, 0.599, 1390.87, micro3
micro3_nginx_c_450, nginx/1.4.6, 54.200.80.169, 612, 45, 0.603, 1000, 0, 853000, 612000, 1659.04, 27.124, 0.603, 1381.99, micro3
micro3_nginx_c_460, nginx/1.4.6, 54.200.80.169, 612, 46, 0.664, 1000, 0, 853000, 612000, 1505.11, 30.563, 0.664, 1253.77, micro3
micro3_nginx_c_470, nginx/1.4.6, 54.200.80.169, 612, 47, 0.654, 1000, 0, 853000, 612000, 1528.65, 30.746, 0.654, 1273.38, micro3
micro3_nginx_c_480, nginx/1.4.6, 54.200.80.169, 612, 48, 0.575, 1000, 0, 853000, 612000, 1737.98, 27.618, 0.575, 1447.75, micro3
micro3_nginx_c_490, nginx/1.4.6, 54.200.80.169, 612, 49, 0.578, 1000, 0, 853000, 612000, 1731.15, 28.305, 0.578, 1442.06, micro3
micro3_nginx_c_500, nginx/1.4.6, 54.200.80.169, 612, 50, 0.550, 1000, 0, 853000, 612000, 1819.42, 27.481, 0.550, 1515.59, micro3
micro3_nginx_c_510, nginx/1.4.6, 54.200.80.169, 612, 51, 0.552, 1000, 0, 853000, 612000, 1810.23, 28.173, 0.552, 1507.94, micro3
micro3_nginx_c_520, nginx/1.4.6, 54.200.80.169, 612, 52, 0.557, 1000, 0, 853000, 612000, 1796.75, 28.941, 0.557, 1496.71, micro3
micro3_nginx_c_530, nginx/1.4.6, 54.200.80.169, 612, 53, 0.544, 1000, 0, 853000, 612000, 1838.19, 28.833, 0.544, 1531.23, micro3
micro3_nginx_c_540, nginx/1.4.6, 54.200.80.169, 612, 54, 0.543, 1000, 0, 853000, 612000, 1843.19, 29.297, 0.543, 1535.39, micro3
micro3_nginx_c_550, nginx/1.4.6, 54.200.80.169, 612, 55, 0.739, 1000, 0, 853000, 612000, 1353.52, 40.635, 0.739, 1127.49, micro3
micro3_nginx_c_560, nginx/1.4.6, 54.200.80.169, 612, 56, 0.643, 1000, 0, 853000, 612000, 1556.11, 35.987, 0.643, 1296.25, micro3
micro3_nginx_c_570, nginx/1.4.6, 54.200.80.169, 612, 57, 0.546, 1000, 0, 853000, 612000, 1830.79, 31.134, 0.546, 1525.06, micro3
micro3_nginx_c_580, nginx/1.4.6, 54.200.80.169, 612, 58, 0.562, 1000, 0, 853000, 612000, 1779.89, 32.586, 0.562, 1482.66, micro3
micro3_nginx_c_590, nginx/1.4.6, 54.200.80.169, 612, 59, 0.551, 1000, 0, 853000, 612000, 1814.39, 32.518, 0.551, 1511.40, micro3
micro3_nginx_c_600, nginx/1.4.6, 54.200.80.169, 612, 60, 0.542, 1000, 0, 853000, 612000, 1845.19, 32.517, 0.542, 1537.05, micro3
micro3_nginx_c_610, nginx/1.4.6, 54.200.80.169, 612, 61, 0.541, 1000, 0, 853000, 612000, 1846.95, 33.027, 0.541, 1538.52, micro3
micro3_nginx_c_620, nginx/1.4.6, 54.200.80.169, 612, 62, 0.546, 1000, 0, 853000, 612000, 1832.96, 33.825, 0.546, 1526.87, micro3
micro3_nginx_c_630, nginx/1.4.6, 54.200.80.169, 612, 63, 0.566, 1000, 0, 853000, 612000, 1767.60, 35.641, 0.566, 1472.43, micro3
micro3_nginx_c_640, nginx/1.4.6, 54.200.80.169, 612, 64, 0.661, 1000, 0, 853000, 612000, 1512.71, 42.308, 0.661, 1260.10, micro3
micro3_nginx_c_650, nginx/1.4.6, 54.200.80.169, 612, 65, 0.539, 1000, 0, 853000, 612000, 1855.37, 35.034, 0.539, 1545.53, micro3
micro3_nginx_c_660, nginx/1.4.6, 54.200.80.169, 612, 66, 0.540, 1000, 0, 853000, 612000, 1850.36, 35.669, 0.540, 1541.37, micro3
micro3_nginx_c_670, nginx/1.4.6, 54.200.80.169, 612, 67, 0.557, 1000, 0, 853000, 612000, 1796.69, 37.291, 0.557, 1496.66, micro3
micro3_nginx_c_680, nginx/1.4.6, 54.200.80.169, 612, 68, 0.542, 1000, 0, 853000, 612000, 1844.66, 36.863, 0.542, 1536.61, micro3
micro3_nginx_c_690, nginx/1.4.6, 54.200.80.169, 612, 69, 0.565, 1000, 0, 853000, 612000, 1770.58, 38.970, 0.565, 1474.90, micro3
micro3_nginx_c_70, nginx/1.4.6, 54.200.80.169, 612, 7, 0.610, 1000, 0, 853000, 612000, 1639.26, 4.270, 0.610, 1365.51, micro3
micro3_nginx_c_700, nginx/1.4.6, 54.200.80.169, 612, 70, 0.543, 1000, 0, 853000, 612000, 1840.47, 38.034, 0.543, 1533.12, micro3
micro3_nginx_c_710, nginx/1.4.6, 54.200.80.169, 612, 71, 0.548, 1000, 0, 853000, 612000, 1825.06, 38.903, 0.548, 1520.29, micro3
micro3_nginx_c_720, nginx/1.4.6, 54.200.80.169, 612, 72, 0.558, 1000, 0, 853000, 612000, 1791.60, 40.188, 0.558, 1492.41, micro3
micro3_nginx_c_730, nginx/1.4.6, 54.200.80.169, 612, 73, 0.540, 1000, 0, 853000, 612000, 1851.69, 39.423, 0.540, 1542.48, micro3
micro3_nginx_c_740, nginx/1.4.6, 54.200.80.169, 612, 74, 0.541, 1000, 0, 853000, 612000, 1847.27, 40.059, 0.541, 1538.79, micro3
micro3_nginx_c_750, nginx/1.4.6, 54.200.80.169, 612, 75, 0.554, 1000, 0, 853000, 612000, 1804.76, 41.557, 0.554, 1503.38, micro3
micro3_nginx_c_760, nginx/1.4.6, 54.200.80.169, 612, 76, 0.550, 1000, 0, 853000, 612000, 1818.13, 41.801, 0.550, 1514.52, micro3
micro3_nginx_c_770, nginx/1.4.6, 54.200.80.169, 612, 77, 0.557, 1000, 0, 853000, 612000, 1794.06, 42.919, 0.557, 1494.46, micro3
micro3_nginx_c_780, nginx/1.4.6, 54.200.80.169, 612, 78, 0.536, 1000, 0, 853000, 612000, 1866.65, 41.786, 0.536, 1554.93, micro3
micro3_nginx_c_790, nginx/1.4.6, 54.200.80.169, 612, 79, 0.557, 1000, 0, 853000, 612000, 1795.17, 44.007, 0.557, 1495.39, micro3
micro3_nginx_c_80, nginx/1.4.6, 54.200.80.169, 612, 8, 0.622, 1000, 0, 853000, 612000, 1606.65, 4.979, 0.622, 1338.35, micro3
micro3_nginx_c_800, nginx/1.4.6, 54.200.80.169, 612, 80, 0.545, 1000, 0, 853000, 612000, 1835.87, 43.576, 0.545, 1529.30, micro3
micro3_nginx_c_810, nginx/1.4.6, 54.200.80.169, 612, 81, 0.565, 1000, 0, 853000, 612000, 1770.68, 45.745, 0.565, 1474.99, micro3
micro3_nginx_c_820, nginx/1.4.6, 54.200.80.169, 612, 82, 0.558, 1000, 0, 853000, 612000, 1792.75, 45.740, 0.558, 1493.38, micro3
micro3_nginx_c_830, nginx/1.4.6, 54.200.80.169, 612, 83, 0.574, 1000, 0, 853000, 612000, 1742.06, 47.645, 0.574, 1451.15, micro3
micro3_nginx_c_840, nginx/1.4.6, 54.200.80.169, 612, 84, 0.580, 1000, 0, 853000, 612000, 1722.80, 48.758, 0.580, 1435.10, micro3
micro3_nginx_c_850, nginx/1.4.6, 54.200.80.169, 612, 85, 0.558, 1000, 0, 853000, 612000, 1792.45, 47.421, 0.558, 1493.12, micro3
micro3_nginx_c_860, nginx/1.4.6, 54.200.80.169, 612, 86, 0.542, 1000, 0, 853000, 612000, 1845.89, 46.590, 0.542, 1537.64, micro3
micro3_nginx_c_870, nginx/1.4.6, 54.200.80.169, 612, 87, 0.535, 1000, 0, 853000, 612000, 1869.50, 46.536, 0.535, 1557.31, micro3
micro3_nginx_c_880, nginx/1.4.6, 54.200.80.169, 612, 88, 0.568, 1000, 0, 853000, 612000, 1761.57, 49.956, 0.568, 1467.40, micro3
micro3_nginx_c_890, nginx/1.4.6, 54.200.80.169, 612, 89, 0.566, 1000, 0, 853000, 612000, 1766.86, 50.372, 0.566, 1471.81, micro3
micro3_nginx_c_90, nginx/1.4.6, 54.200.80.169, 612, 9, 0.655, 1000, 0, 853000, 612000, 1527.00, 5.894, 0.655, 1272.00, micro3
micro3_nginx_c_900, nginx/1.4.6, 54.200.80.169, 612, 90, 0.542, 1000, 0, 853000, 612000, 1844.60, 48.791, 0.542, 1536.56, micro3
micro3_nginx_c_910, nginx/1.4.6, 54.200.80.169, 612, 91, 0.546, 1000, 0, 853000, 612000, 1830.72, 49.707, 0.546, 1525.00, micro3
micro3_nginx_c_920, nginx/1.4.6, 54.200.80.169, 612, 92, 0.562, 1000, 0, 853000, 612000, 1779.57, 51.698, 0.562, 1482.40, micro3
micro3_nginx_c_930, nginx/1.4.6, 54.200.80.169, 612, 93, 0.541, 1000, 0, 853000, 612000, 1848.30, 50.316, 0.541, 1539.65, micro3
micro3_nginx_c_940, nginx/1.4.6, 54.200.80.169, 612, 94, 0.571, 1000, 0, 853000, 612000, 1751.74, 53.661, 0.571, 1459.21, micro3
micro3_nginx_c_950, nginx/1.4.6, 54.200.80.169, 612, 95, 0.585, 1000, 0, 853000, 612000, 1708.91, 55.591, 0.585, 1423.54, micro3
micro3_nginx_c_960, nginx/1.4.6, 54.200.80.169, 612, 96, 0.567, 1000, 0, 853000, 612000, 1764.39, 54.410, 0.567, 1469.75, micro3
micro3_nginx_c_970, nginx/1.4.6, 54.200.80.169, 612, 97, 0.557, 1000, 0, 853000, 612000, 1796.48, 53.994, 0.557, 1496.48, micro3
micro3_nginx_c_980, nginx/1.4.6, 54.200.80.169, 612, 98, 0.556, 1000, 0, 853000, 612000, 1799.58, 54.457, 0.556, 1499.07, micro3
micro3_nginx_c_990, nginx/1.4.6, 54.200.80.169, 612, 99, 0.566, 1000, 0, 853000, 612000, 1768.07, 55.993, 0.566, 1472.81, micro3
small1_apache2_c_10, Apache/2.4.7, 52.38.64.194, 11510, 10, 11.688, 10000, 0, 117830000, 115100000, 855.56, 11.688, 1.169, 9844.77, small1
small1_apache2_c_100, Apache/2.4.7, 52.38.64.194, 11510, 100, 10.619, 10000, 0, 117830000, 115100000, 941.73, 106.187, 1.062, 10836.39, small1
small1_apache2_c_110, Apache/2.4.7, 52.38.64.194, 11510, 110, 10.494, 10000, 0, 117830000, 115100000, 952.91, 115.436, 1.049, 10964.94, small1
small1_apache2_c_120, Apache/2.4.7, 52.38.64.194, 11510, 120, 10.709, 10000, 0, 117830000, 115100000, 933.76, 128.513, 1.071, 10744.60, small1
small1_apache2_c_130, Apache/2.4.7, 52.38.64.194, 11510, 130, 11.286, 10000, 0, 117830000, 115100000, 886.05, 146.719, 1.129, 10195.62, small1
small1_apache2_c_140, Apache/2.4.7, 52.38.64.194, 11510, 140, 11.309, 10000, 0, 117830000, 115100000, 884.25, 158.327, 1.131, 10174.89, small1
small1_apache2_c_150, Apache/2.4.7, 52.38.64.194, 11510, 150, 10.732, 10000, 0, 117830000, 115100000, 931.77, 160.985, 1.073, 10721.68, small1
small1_apache2_c_160, Apache/2.4.7, 52.38.64.194, 11510, 160, 11.403, 10000, 0, 117830000, 115100000, 876.99, 182.442, 1.140, 10091.41, small1
small1_apache2_c_170, Apache/2.4.7, 52.38.64.194, 11510, 170, 14.322, 10000, 0, 117830000, 115100000, 698.25, 243.466, 1.432, 8034.63, small1
small1_apache2_c_180, Apache/2.4.7, 52.38.64.194, 11510, 180, 10.695, 10000, 0, 117830000, 115100000, 934.98, 192.518, 1.070, 10758.64, small1
small1_apache2_c_190, Apache/2.4.7, 52.38.64.194, 11510, 190, 11.742, 10000, 0, 117830000, 115100000, 851.62, 223.105, 1.174, 9799.43, small1
small1_apache2_c_20, Apache/2.4.7, 52.38.64.194, 11510, 20, 11.684, 10000, 0, 117830000, 115100000, 855.91, 23.367, 1.168, 9848.79, small1
small1_apache2_c_200, Apache/2.4.7, 52.38.64.194, 11510, 200, 10.456, 10000, 0, 117830000, 115100000, 956.42, 209.113, 1.046, 11005.35, small1
small1_apache2_c_210, Apache/2.4.7, 52.38.64.194, 11510, 210, 10.865, 10000, 0, 117830000, 115100000, 920.39, 228.164, 1.086, 10590.80, small1
small1_apache2_c_220, Apache/2.4.7, 52.38.64.194, 11510, 220, 11.333, 10000, 0, 117830000, 115100000, 882.39, 249.324, 1.133, 10153.48, small1
small1_apache2_c_230, Apache/2.4.7, 52.38.64.194, 11510, 230, 10.579, 10000, 0, 117830000, 115100000, 945.28, 243.315, 1.058, 10877.13, small1
small1_apache2_c_240, Apache/2.4.7, 52.38.64.194, 11510, 240, 11.063, 10000, 0, 117830000, 115100000, 903.95, 265.502, 1.106, 10401.59, small1
small1_apache2_c_250, Apache/2.4.7, 52.38.64.194, 11510, 250, 12.123, 10000, 0, 117830000, 115100000, 824.85, 303.085, 1.212, 9491.42, small1
small1_apache2_c_260, Apache/2.4.7, 52.38.64.194, 11510, 260, 10.272, 10000, 0, 117830000, 115100000, 973.56, 267.061, 1.027, 11202.61, small1
small1_apache2_c_270, Apache/2.4.7, 52.38.64.194, 11510, 270, 10.644, 10000, 0, 117830000, 115100000, 939.51, 287.385, 1.064, 10810.74, small1
small1_apache2_c_280, Apache/2.4.7, 52.38.64.194, 11510, 280, 10.449, 10000, 0, 117830000, 115100000, 956.99, 292.585, 1.045, 11011.88, small1
small1_apache2_c_290, Apache/2.4.7, 52.38.64.194, 11510, 290, 11.016, 10000, 0, 117830000, 115100000, 907.79, 319.459, 1.102, 10445.74, small1
small1_apache2_c_30, Apache/2.4.7, 52.38.64.194, 11510, 30, 12.616, 10000, 0, 117830000, 115100000, 792.64, 37.848, 1.262, 9120.74, small1
small1_apache2_c_300, Apache/2.4.7, 52.38.64.194, 11510, 300, 12.222, 10000, 0, 117830000, 115100000, 818.21, 366.653, 1.222, 9415.04, small1
small1_apache2_c_310, Apache/2.4.7, 52.38.64.194, 11510, 310, 10.925, 10000, 0, 117830000, 115100000, 915.36, 338.663, 1.092, 10532.95, small1
small1_apache2_c_320, Apache/2.4.7, 52.38.64.194, 11510, 320, 10.775, 10000, 0, 117830000, 115100000, 928.11, 344.786, 1.077, 10679.62, small1
small1_apache2_c_330, Apache/2.4.7, 52.38.64.194, 11510, 330, 11.129, 10000, 0, 117830000, 115100000, 898.53, 367.265, 1.113, 10339.27, small1
small1_apache2_c_340, Apache/2.4.7, 52.38.64.194, 11510, 340, 10.262, 10000, 0, 117830000, 115100000, 974.50, 348.899, 1.026, 11213.36, small1
small1_apache2_c_350, Apache/2.4.7, 52.38.64.194, 11510, 350, 11.004, 10000, 0, 117830000, 115100000, 908.77, 385.135, 1.100, 10457.09, small1
small1_apache2_c_360, Apache/2.4.7, 52.38.64.194, 11510, 360, 10.569, 10000, 0, 117830000, 115100000, 946.14, 380.495, 1.057, 10887.04, small1
small1_apache2_c_370, Apache/2.4.7, 52.38.64.194, 11510, 370, 10.651, 10000, 0, 117830000, 115100000, 938.91, 394.076, 1.065, 10803.84, small1
small1_apache2_c_380, Apache/2.4.7, 52.38.64.194, 11510, 380, 10.476, 10000, 0, 117830000, 115100000, 954.55, 398.092, 1.048, 10983.88, small1
small1_apache2_c_390, Apache/2.4.7, 52.38.64.194, 11510, 390, 10.664, 10000, 0, 117830000, 115100000, 937.78, 415.877, 1.066, 10790.86, small1
small1_apache2_c_40, Apache/2.4.7, 52.38.64.194, 11510, 40, 11.633, 10000, 0, 117830000, 115100000, 859.65, 46.531, 1.163, 9891.86, small1
small1_apache2_c_400, Apache/2.4.7, 52.38.64.194, 11510, 400, 10.342, 10000, 0, 117830000, 115100000, 966.90, 413.695, 1.034, 11125.91, small1
small1_apache2_c_410, Apache/2.4.7, 52.38.64.194, 11510, 410, 11.380, 10000, 0, 117830000, 115100000, 878.75, 466.573, 1.138, 10111.61, small1
small1_apache2_c_420, Apache/2.4.7, 52.38.64.194, 11510, 420, 11.088, 10000, 0, 117830000, 115100000, 901.88, 465.695, 1.109, 10377.77, small1
small1_apache2_c_430, Apache/2.4.7, 52.38.64.194, 11510, 430, 10.907, 10000, 0, 117830000, 115100000, 916.84, 469.003, 1.091, 10549.91, small1
small1_apache2_c_440, Apache/2.4.7, 52.38.64.194, 11510, 440, 10.374, 10000, 0, 117830000, 115100000, 963.91, 456.473, 1.037, 11091.59, small1
small1_apache2_c_450, Apache/2.4.7, 52.38.64.194, 11510, 450, 10.611, 10000, 0, 117830000, 115100000, 942.45, 477.477, 1.061, 10844.66, small1
small1_apache2_c_460, Apache/2.4.7, 52.38.64.194, 11510, 460, 11.779, 10000, 0, 117830000, 115100000, 849.00, 541.815, 1.178, 9769.29, small1
small1_apache2_c_470, Apache/2.4.7, 52.38.64.194, 11510, 470, 10.822, 10000, 0, 117830000, 115100000, 924.03, 508.643, 1.082, 10632.63, small1
small1_apache2_c_480, Apache/2.4.7, 52.38.64.194, 11510, 480, 10.917, 10000, 0, 117830000, 115100000, 915.98, 524.027, 1.092, 10540.07, small1
small1_apache2_c_490, Apache/2.4.7, 52.38.64.194, 11510, 490, 10.810, 10000, 0, 117830000, 115100000, 925.11, 529.667, 1.081, 10645.08, small1
small1_apache2_c_50, Apache/2.4.7, 52.38.64.194, 11510, 50, 12.014, 10000, 0, 117830000, 115100000, 832.36, 60.070, 1.201, 9577.81, small1
small1_apache2_c_500, Apache/2.4.7, 52.38.64.194, 11510, 500, 11.272, 10000, 0, 117830000, 115100000, 887.18, 563.583, 1.127, 10208.64, small1
small1_apache2_c_510, Apache/2.4.7, 52.38.64.194, 11510, 510, 12.335, 10000, 0, 117830000, 115100000, 810.68, 629.101, 1.234, 9328.37, small1
small1_apache2_c_520, Apache/2.4.7, 52.38.64.194, 11510, 520, 10.540, 10000, 0, 117830000, 115100000, 948.79, 548.064, 1.054, 10917.62, small1
small1_apache2_c_530, Apache/2.4.7, 52.38.64.194, 11510, 530, 10.164, 10000, 0, 117830000, 115100000, 983.90, 538.672, 1.016, 11321.60, small1
small1_apache2_c_540, Apache/2.4.7, 52.38.64.194, 11510, 540, 10.861, 10000, 0, 117830000, 115100000, 920.69, 586.515, 1.086, 10594.25, small1
small1_apache2_c_550, Apache/2.4.7, 52.38.64.194, 11510, 550, 10.539, 10000, 0, 117830000, 115100000, 948.87, 579.637, 1.054, 10918.49, small1
small1_apache2_c_560, Apache/2.4.7, 52.38.64.194, 11510, 560, 10.062, 10000, 0, 117830000, 115100000, 993.87, 563.455, 1.006, 11436.28, small1
small1_apache2_c_570, Apache/2.4.7, 52.38.64.194, 11510, 570, 11.522, 10000, 0, 117830000, 115100000, 867.92, 656.743, 1.152, 9987.01, small1
small1_apache2_c_580, Apache/2.4.7, 52.38.64.194, 11510, 580, 11.865, 10000, 0, 117830000, 115100000, 842.78, 688.198, 1.187, 9697.74, small1
small1_apache2_c_590, Apache/2.4.7, 52.38.64.194, 11510, 590, 11.268, 10000, 0, 117830000, 115100000, 887.49, 664.794, 1.127, 10212.24, small1
small1_apache2_c_60, Apache/2.4.7, 52.38.64.194, 11510, 60, 11.475, 10000, 0, 117830000, 115100000, 871.46, 68.850, 1.147, 10027.77, small1
small1_apache2_c_600, Apache/2.4.7, 52.38.64.194, 11510, 600, 11.693, 10000, 0, 117830000, 115100000, 855.24, 701.556, 1.169, 9841.12, small1
small1_apache2_c_610, Apache/2.4.7, 52.38.64.194, 11510, 610, 10.716, 10000, 0, 117830000, 115100000, 933.19, 653.675, 1.072, 10738.02, small1
small1_apache2_c_620, Apache/2.4.7, 52.38.64.194, 11510, 620, 10.780, 10000, 0, 117830000, 115100000, 927.69, 668.330, 1.078, 10674.72, small1
small1_apache2_c_630, Apache/2.4.7, 52.38.64.194, 11510, 630, 12.171, 10000, 0, 117830000, 115100000, 821.61, 766.784, 1.217, 9454.17, small1
small1_apache2_c_640, Apache/2.4.7, 52.38.64.194, 11510, 640, 11.715, 10000, 0, 117830000, 115100000, 853.62, 749.750, 1.171, 9822.44, small1
small1_apache2_c_650, Apache/2.4.7, 52.38.64.194, 11510, 650, 13.136, 10000, 0, 117830000, 115100000, 761.24, 853.870, 1.314, 8759.47, small1
small1_apache2_c_660, Apache/2.4.7, 52.38.64.194, 11510, 660, 12.648, 10000, 0, 117830000, 115100000, 790.65, 834.760, 1.265, 9097.84, small1
small1_apache2_c_670, Apache/2.4.7, 52.38.64.194, 11510, 670, 11.602, 10000, 0, 117830000, 115100000, 861.89, 777.361, 1.160, 9917.63, small1
small1_apache2_c_680, Apache/2.4.7, 52.38.64.194, 11510, 680, 12.393, 10000, 0, 117830000, 115100000, 806.88, 842.749, 1.239, 9284.68, small1
small1_apache2_c_690, Apache/2.4.7, 52.38.64.194, 11510, 690, 10.755, 10000, 0, 117830000, 115100000, 929.80, 742.097, 1.076, 10699.03, small1
small1_apache2_c_70, Apache/2.4.7, 52.38.64.194, 11510, 70, 10.313, 10000, 0, 117830000, 115100000, 969.67, 72.190, 1.031, 11157.79, small1
small1_apache2_c_700, Apache/2.4.7, 52.38.64.194, 11510, 700, 10.592, 10000, 0, 117830000, 115100000, 944.14, 741.417, 1.059, 10864.05, small1
small1_apache2_c_710, Apache/2.4.7, 52.38.64.194, 11510, 710, 10.327, 10000, 0, 117830000, 115100000, 968.30, 733.245, 1.033, 11142.06, small1
small1_apache2_c_720, Apache/2.4.7, 52.38.64.194, 11510, 720, 11.988, 10000, 0, 117830000, 115100000, 834.20, 863.107, 1.199, 9598.95, small1
small1_apache2_c_730, Apache/2.4.7, 52.38.64.194, 11510, 730, 13.372, 10000, 0, 117830000, 115100000, 747.81, 976.183, 1.337, 8604.93, small1
small1_apache2_c_740, Apache/2.4.7, 52.38.64.194, 11510, 740, 10.858, 10000, 0, 117830000, 115100000, 920.97, 803.504, 1.086, 10597.41, small1
small1_apache2_c_750, Apache/2.4.7, 52.38.64.194, 11510, 750, 10.276, 10000, 0, 117830000, 115100000, 973.17, 770.674, 1.028, 11198.15, small1
small1_apache2_c_760, Apache/2.4.7, 52.38.64.194, 11510, 760, 13.342, 10000, 0, 117830000, 115100000, 749.49, 1014.021, 1.334, 8624.27, small1
small1_apache2_c_770, Apache/2.4.7, 52.38.64.194, 11510, 770, 12.679, 10000, 0, 117830000, 115100000, 788.73, 976.258, 1.268, 9075.74, small1
small1_apache2_c_780, Apache/2.4.7, 52.38.64.194, 11510, 780, 14.241, 10000, 0, 117830000, 115100000, 702.21, 1110.776, 1.424, 8080.24, small1
small1_apache2_c_790, Apache/2.4.7, 52.38.64.194, 11510, 790, 10.913, 10000, 0, 117830000, 115100000, 916.37, 862.095, 1.091, 10544.54, small1
small1_apache2_c_80, Apache/2.4.7, 52.38.64.194, 11510, 80, 11.441, 10000, 0, 117830000, 115100000, 874.05, 91.528, 1.144, 10057.51, small1
small1_apache2_c_800, Apache/2.4.7, 52.38.64.194, 11510, 800, 11.001, 10000, 0, 117830000, 115100000, 909.00, 880.088, 1.100, 10459.72, small1
small1_apache2_c_810, Apache/2.4.7, 52.38.64.194, 11510, 810, 12.647, 10000, 0, 117830000, 115100000, 790.67, 1024.446, 1.265, 9098.12, small1
small1_apache2_c_820, Apache/2.4.7, 52.38.64.194, 11510, 820, 11.135, 10000, 0, 117830000, 115100000, 898.05, 913.094, 1.114, 10333.66, small1
small1_apache2_c_830, Apache/2.4.7, 52.38.64.194, 11510, 830, 13.670, 10000, 0, 117830000, 115100000, 731.52, 1134.620, 1.367, 8417.51, small1
small1_apache2_c_840, Apache/2.4.7, 52.38.64.194, 11510, 840, 10.889, 10000, 0, 117830000, 115100000, 918.34, 914.696, 1.089, 10567.16, small1
small1_apache2_c_850, Apache/2.4.7, 52.38.64.194, 11510, 850, 10.676, 10000, 0, 117830000, 115100000, 936.71, 907.428, 1.068, 10778.61, small1
small1_apache2_c_860, Apache/2.4.7, 52.38.64.194, 11510, 860, 11.370, 10000, 0, 117830000, 115100000, 879.53, 977.796, 1.137, 10120.60, small1
small1_apache2_c_870, Apache/2.4.7, 52.38.64.194, 11510, 870, 13.928, 10000, 0, 117830000, 115100000, 717.98, 1211.732, 1.393, 8261.68, small1
small1_apache2_c_880, Apache/2.4.7, 52.38.64.194, 11510, 880, 23.649, 10000, 0, 117830000, 115100000, 422.86, 2081.091, 2.365, 4865.73, small1
small1_apache2_c_890, Apache/2.4.7, 52.38.64.194, 11510, 890, 34.811, 10000, 0, 117830000, 115100000, 287.27, 3098.173, 3.481, 3305.52, small1
small1_apache2_c_90, Apache/2.4.7, 52.38.64.194, 11510, 90, 11.405, 10000, 0, 117830000, 115100000, 876.80, 102.646, 1.141, 10089.21, small1
small1_apache2_c_970, Apache/2.4.7, 52.38.64.194, 11510, 970, 25.717, 10000, 0, 117830000, 115100000, 388.84, 2494.579, 2.572, 4474.35, small1
small1_apache2_c_980, Apache/2.4.7, 52.38.64.194, 11510, 980, 35.753, 10000, 0, 117830000, 115100000, 279.69, 3503.834, 3.575, 3218.39, small1
small1_apache2_c_990, Apache/2.4.7, 52.38.64.194, 11510, 990, 32.269, 10000, 0, 117830000, 115100000, 309.89, 3194.662, 3.227, 3565.88, small1
small1_nginx_c_100, nginx/1.4.6, 52.38.64.194, 612, 10, 1.143, 1000, 0, 853000, 612000, 874.94, 11.429, 1.143, 728.83, small1
small1_nginx_c_1000, nginx/1.4.6, 52.38.64.194, 612, 100, 0.547, 1000, 0, 853000, 612000, 1828.55, 54.688, 0.547, 1523.20, small1
small1_nginx_c_120, nginx/1.4.6, 52.38.64.194, 612, 12, 1.534, 1000, 0, 853000, 612000, 651.81, 18.410, 1.534, 542.96, small1
small1_nginx_c_130, nginx/1.4.6, 52.38.64.194, 612, 13, 1.497, 1000, 0, 853000, 612000, 667.81, 19.467, 1.497, 556.29, small1
small1_nginx_c_140, nginx/1.4.6, 52.38.64.194, 612, 14, 1.839, 1000, 0, 853000, 612000, 543.84, 25.743, 1.839, 453.02, small1
small1_nginx_c_150, nginx/1.4.6, 52.38.64.194, 612, 15, 1.358, 1000, 0, 853000, 612000, 736.16, 20.376, 1.358, 613.23, small1
small1_nginx_c_160, nginx/1.4.6, 52.38.64.194, 612, 16, 1.287, 1000, 0, 853000, 612000, 776.98, 20.593, 1.287, 647.23, small1
small1_nginx_c_170, nginx/1.4.6, 52.38.64.194, 612, 17, 0.667, 1000, 0, 853000, 612000, 1498.88, 11.342, 0.667, 1248.58, small1
small1_nginx_c_180, nginx/1.4.6, 52.38.64.194, 612, 18, 0.579, 1000, 0, 853000, 612000, 1726.02, 10.429, 0.579, 1437.79, small1
small1_nginx_c_190, nginx/1.4.6, 52.38.64.194, 612, 19, 0.590, 1000, 0, 853000, 612000, 1694.51, 11.213, 0.590, 1411.54, small1
small1_nginx_c_20, nginx/1.4.6, 52.38.64.194, 612, 2, 2.948, 1000, 0, 853000, 612000, 339.21, 5.896, 2.948, 282.56, small1
small1_nginx_c_200, nginx/1.4.6, 52.38.64.194, 612, 20, 0.577, 1000, 0, 853000, 612000, 1732.23, 11.546, 0.577, 1442.96, small1
small1_nginx_c_220, nginx/1.4.6, 52.38.64.194, 612, 22, 0.855, 1000, 0, 853000, 612000, 1170.17, 18.801, 0.855, 974.76, small1
small1_nginx_c_230, nginx/1.4.6, 52.38.64.194, 612, 23, 2.429, 1000, 0, 853000, 612000, 411.67, 55.869, 2.429, 342.93, small1
small1_nginx_c_240, nginx/1.4.6, 52.38.64.194, 612, 24, 1.404, 1000, 0, 853000, 612000, 712.30, 33.693, 1.404, 593.36, small1
small1_nginx_c_250, nginx/1.4.6, 52.38.64.194, 612, 25, 1.080, 1000, 0, 853000, 612000, 925.65, 27.008, 1.080, 771.07, small1
small1_nginx_c_260, nginx/1.4.6, 52.38.64.194, 612, 26, 1.440, 1000, 0, 853000, 612000, 694.64, 37.429, 1.440, 578.64, small1
small1_nginx_c_270, nginx/1.4.6, 52.38.64.194, 612, 27, 1.166, 1000, 0, 853000, 612000, 857.76, 31.477, 1.166, 714.52, small1
small1_nginx_c_280, nginx/1.4.6, 52.38.64.194, 612, 28, 1.863, 1000, 0, 853000, 612000, 536.72, 52.169, 1.863, 447.09, small1
small1_nginx_c_290, nginx/1.4.6, 52.38.64.194, 612, 29, 1.823, 1000, 0, 853000, 612000, 548.58, 52.864, 1.823, 456.97, small1
small1_nginx_c_300, nginx/1.4.6, 52.38.64.194, 612, 30, 2.300, 1000, 0, 853000, 612000, 434.72, 69.010, 2.300, 362.12, small1
small1_nginx_c_310, nginx/1.4.6, 52.38.64.194, 612, 31, 1.110, 1000, 0, 853000, 612000, 900.86, 34.411, 1.110, 750.43, small1
small1_nginx_c_320, nginx/1.4.6, 52.38.64.194, 612, 32, 0.632, 1000, 0, 853000, 612000, 1583.02, 20.214, 0.632, 1318.67, small1
small1_nginx_c_330, nginx/1.4.6, 52.38.64.194, 612, 33, 0.590, 1000, 0, 853000, 612000, 1694.33, 19.477, 0.590, 1411.39, small1
small1_nginx_c_340, nginx/1.4.6, 52.38.64.194, 612, 34, 0.579, 1000, 0, 853000, 612000, 1727.02, 19.687, 0.579, 1438.62, small1
small1_nginx_c_350, nginx/1.4.6, 52.38.64.194, 612, 35, 0.577, 1000, 0, 853000, 612000, 1733.80, 20.187, 0.577, 1444.27, small1
small1_nginx_c_360, nginx/1.4.6, 52.38.64.194, 612, 36, 0.577, 1000, 0, 853000, 612000, 1732.53, 20.779, 0.577, 1443.21, small1
small1_nginx_c_370, nginx/1.4.6, 52.38.64.194, 612, 37, 0.619, 1000, 0, 853000, 612000, 1615.17, 22.908, 0.619, 1345.45, small1
small1_nginx_c_380, nginx/1.4.6, 52.38.64.194, 612, 38, 0.738, 1000, 0, 853000, 612000, 1355.22, 28.040, 0.738, 1128.91, small1
small1_nginx_c_390, nginx/1.4.6, 52.38.64.194, 612, 39, 0.566, 1000, 0, 853000, 612000, 1765.52, 22.090, 0.566, 1470.69, small1
small1_nginx_c_40, nginx/1.4.6, 52.38.64.194, 612, 4, 2.066, 1000, 0, 853000, 612000, 484.00, 8.264, 2.066, 403.18, small1
small1_nginx_c_400, nginx/1.4.6, 52.38.64.194, 612, 40, 0.616, 1000, 0, 853000, 612000, 1623.13, 24.644, 0.616, 1352.08, small1
small1_nginx_c_410, nginx/1.4.6, 52.38.64.194, 612, 41, 0.864, 1000, 0, 853000, 612000, 1157.99, 35.406, 0.864, 964.61, small1
small1_nginx_c_420, nginx/1.4.6, 52.38.64.194, 612, 42, 2.264, 1000, 0, 853000, 612000, 441.70, 95.087, 2.264, 367.94, small1
small1_nginx_c_430, nginx/1.4.6, 52.38.64.194, 612, 43, 1.706, 1000, 0, 853000, 612000, 586.15, 73.360, 1.706, 488.27, small1
small1_nginx_c_440, nginx/1.4.6, 52.38.64.194, 612, 44, 1.156, 1000, 0, 853000, 612000, 865.20, 50.855, 1.156, 720.72, small1
small1_nginx_c_450, nginx/1.4.6, 52.38.64.194, 612, 45, 1.566, 1000, 0, 853000, 612000, 638.42, 70.487, 1.566, 531.81, small1
small1_nginx_c_460, nginx/1.4.6, 52.38.64.194, 612, 46, 1.663, 1000, 0, 853000, 612000, 601.26, 76.506, 1.663, 500.86, small1
small1_nginx_c_470, nginx/1.4.6, 52.38.64.194, 612, 47, 1.891, 1000, 0, 853000, 612000, 528.78, 88.884, 1.891, 440.47, small1
small1_nginx_c_480, nginx/1.4.6, 52.38.64.194, 612, 48, 2.174, 1000, 0, 853000, 612000, 460.08, 104.329, 2.174, 383.25, small1
small1_nginx_c_490, nginx/1.4.6, 52.38.64.194, 612, 49, 2.681, 1000, 0, 853000, 612000, 373.00, 131.368, 2.681, 310.71, small1
small1_nginx_c_50, nginx/1.4.6, 52.38.64.194, 612, 5, 2.434, 1000, 0, 853000, 612000, 410.78, 12.172, 2.434, 342.18, small1
small1_nginx_c_500, nginx/1.4.6, 52.38.64.194, 612, 50, 2.989, 1000, 0, 853000, 612000, 334.57, 149.447, 2.989, 278.70, small1
small1_nginx_c_510, nginx/1.4.6, 52.38.64.194, 612, 51, 2.834, 1000, 0, 853000, 612000, 352.80, 144.557, 2.834, 293.89, small1
small1_nginx_c_520, nginx/1.4.6, 52.38.64.194, 612, 52, 0.632, 1000, 0, 853000, 612000, 1582.93, 32.850, 0.632, 1318.59, small1
small1_nginx_c_530, nginx/1.4.6, 52.38.64.194, 612, 53, 0.647, 1000, 0, 853000, 612000, 1544.98, 34.305, 0.647, 1286.98, small1
small1_nginx_c_540, nginx/1.4.6, 52.38.64.194, 612, 54, 0.547, 1000, 0, 853000, 612000, 1827.61, 29.547, 0.547, 1522.41, small1
small1_nginx_c_550, nginx/1.4.6, 52.38.64.194, 612, 55, 0.548, 1000, 0, 853000, 612000, 1825.76, 30.124, 0.548, 1520.88, small1
small1_nginx_c_560, nginx/1.4.6, 52.38.64.194, 612, 56, 0.617, 1000, 0, 853000, 612000, 1619.56, 34.577, 0.617, 1349.11, small1
small1_nginx_c_570, nginx/1.4.6, 52.38.64.194, 612, 57, 0.595, 1000, 0, 853000, 612000, 1680.30, 33.922, 0.595, 1399.70, small1
small1_nginx_c_580, nginx/1.4.6, 52.38.64.194, 612, 58, 0.595, 1000, 0, 853000, 612000, 1681.06, 34.502, 0.595, 1400.34, small1
small1_nginx_c_590, nginx/1.4.6, 52.38.64.194, 612, 59, 0.590, 1000, 0, 853000, 612000, 1696.25, 34.783, 0.590, 1412.99, small1
small1_nginx_c_60, nginx/1.4.6, 52.38.64.194, 612, 6, 2.080, 1000, 0, 853000, 612000, 480.73, 12.481, 2.080, 400.45, small1
small1_nginx_c_600, nginx/1.4.6, 52.38.64.194, 612, 60, 0.614, 1000, 0, 853000, 612000, 1627.93, 36.857, 0.614, 1356.08, small1
small1_nginx_c_610, nginx/1.4.6, 52.38.64.194, 612, 61, 0.623, 1000, 0, 853000, 612000, 1604.06, 38.029, 0.623, 1336.19, small1
small1_nginx_c_620, nginx/1.4.6, 52.38.64.194, 612, 62, 0.551, 1000, 0, 853000, 612000, 1815.32, 34.154, 0.551, 1512.18, small1
small1_nginx_c_630, nginx/1.4.6, 52.38.64.194, 612, 63, 0.545, 1000, 0, 853000, 612000, 1833.32, 34.364, 0.545, 1527.17, small1
small1_nginx_c_640, nginx/1.4.6, 52.38.64.194, 612, 64, 0.551, 1000, 0, 853000, 612000, 1814.53, 35.271, 0.551, 1511.52, small1
small1_nginx_c_650, nginx/1.4.6, 52.38.64.194, 612, 65, 0.568, 1000, 0, 853000, 612000, 1760.41, 36.923, 0.568, 1466.43, small1
small1_nginx_c_660, nginx/1.4.6, 52.38.64.194, 612, 66, 0.553, 1000, 0, 853000, 612000, 1809.75, 36.469, 0.553, 1507.53, small1
small1_nginx_c_670, nginx/1.4.6, 52.38.64.194, 612, 67, 0.536, 1000, 0, 853000, 612000, 1867.38, 35.879, 0.536, 1555.54, small1
small1_nginx_c_680, nginx/1.4.6, 52.38.64.194, 612, 68, 0.556, 1000, 0, 853000, 612000, 1798.15, 37.817, 0.556, 1497.87, small1
small1_nginx_c_690, nginx/1.4.6, 52.38.64.194, 612, 69, 0.580, 1000, 0, 853000, 612000, 1723.76, 40.029, 0.580, 1435.90, small1
small1_nginx_c_70, nginx/1.4.6, 52.38.64.194, 612, 7, 1.497, 1000, 0, 853000, 612000, 667.80, 10.482, 1.497, 556.28, small1
small1_nginx_c_700, nginx/1.4.6, 52.38.64.194, 612, 70, 0.548, 1000, 0, 853000, 612000, 1825.19, 38.352, 0.548, 1520.40, small1
small1_nginx_c_710, nginx/1.4.6, 52.38.64.194, 612, 71, 7.533, 1000, 0, 853000, 612000, 132.76, 534.816, 7.533, 110.59, small1
small1_nginx_c_720, nginx/1.4.6, 52.38.64.194, 612, 72, 0.572, 1000, 0, 853000, 612000, 1749.69, 41.150, 0.572, 1457.50, small1
small1_nginx_c_730, nginx/1.4.6, 52.38.64.194, 612, 73, 0.629, 1000, 0, 853000, 612000, 1590.82, 45.888, 0.629, 1325.17, small1
small1_nginx_c_740, nginx/1.4.6, 52.38.64.194, 612, 74, 1.337, 1000, 0, 853000, 612000, 747.83, 98.953, 1.337, 622.95, small1
small1_nginx_c_750, nginx/1.4.6, 52.38.64.194, 612, 75, 2.338, 1000, 0, 853000, 612000, 427.65, 175.379, 2.338, 356.23, small1
small1_nginx_c_760, nginx/1.4.6, 52.38.64.194, 612, 76, 1.465, 1000, 0, 853000, 612000, 682.80, 111.306, 1.465, 568.78, small1
small1_nginx_c_770, nginx/1.4.6, 52.38.64.194, 612, 77, 0.582, 1000, 0, 853000, 612000, 1718.01, 44.819, 0.582, 1431.11, small1
small1_nginx_c_780, nginx/1.4.6, 52.38.64.194, 612, 78, 0.599, 1000, 0, 853000, 612000, 1670.48, 46.693, 0.599, 1391.52, small1
small1_nginx_c_790, nginx/1.4.6, 52.38.64.194, 612, 79, 0.582, 1000, 0, 853000, 612000, 1717.87, 45.987, 0.582, 1431.00, small1
small1_nginx_c_80, nginx/1.4.6, 52.38.64.194, 612, 8, 1.014, 1000, 0, 853000, 612000, 986.22, 8.112, 1.014, 821.53, small1
small1_nginx_c_800, nginx/1.4.6, 52.38.64.194, 612, 80, 0.563, 1000, 0, 853000, 612000, 1775.48, 45.058, 0.563, 1478.99, small1
small1_nginx_c_810, nginx/1.4.6, 52.38.64.194, 612, 81, 0.584, 1000, 0, 853000, 612000, 1713.33, 47.276, 0.584, 1427.21, small1
small1_nginx_c_820, nginx/1.4.6, 52.38.64.194, 612, 82, 0.608, 1000, 0, 853000, 612000, 1645.61, 49.830, 0.608, 1370.81, small1
small1_nginx_c_830, nginx/1.4.6, 52.38.64.194, 612, 83, 0.616, 1000, 0, 853000, 612000, 1623.47, 51.125, 0.616, 1352.36, small1
small1_nginx_c_840, nginx/1.4.6, 52.38.64.194, 612, 84, 0.577, 1000, 0, 853000, 612000, 1733.52, 48.456, 0.577, 1444.03, small1
small1_nginx_c_850, nginx/1.4.6, 52.38.64.194, 612, 85, 0.590, 1000, 0, 853000, 612000, 1696.06, 50.116, 0.590, 1412.83, small1
small1_nginx_c_860, nginx/1.4.6, 52.38.64.194, 612, 86, 0.567, 1000, 0, 853000, 612000, 1764.27, 48.745, 0.567, 1469.65, small1
small1_nginx_c_870, nginx/1.4.6, 52.38.64.194, 612, 87, 0.568, 1000, 0, 853000, 612000, 1760.42, 49.420, 0.568, 1466.45, small1
small1_nginx_c_880, nginx/1.4.6, 52.38.64.194, 612, 88, 0.564, 1000, 0, 853000, 612000, 1771.62, 49.672, 0.564, 1475.78, small1
small1_nginx_c_890, nginx/1.4.6, 52.38.64.194, 612, 89, 0.564, 1000, 0, 853000, 612000, 1774.59, 50.152, 0.564, 1478.25, small1
small1_nginx_c_90, nginx/1.4.6, 52.38.64.194, 612, 9, 2.130, 1000, 0, 853000, 612000, 469.58, 19.166, 2.130, 391.17, small1
small1_nginx_c_900, nginx/1.4.6, 52.38.64.194, 612, 90, 0.573, 1000, 0, 853000, 612000, 1744.25, 51.598, 0.573, 1452.98, small1
small1_nginx_c_910, nginx/1.4.6, 52.38.64.194, 612, 91, 0.567, 1000, 0, 853000, 612000, 1764.85, 51.562, 0.567, 1470.14, small1
small1_nginx_c_920, nginx/1.4.6, 52.38.64.194, 612, 92, 0.548, 1000, 0, 853000, 612000, 1824.38, 50.428, 0.548, 1519.72, small1
small1_nginx_c_930, nginx/1.4.6, 52.38.64.194, 612, 93, 0.566, 1000, 0, 853000, 612000, 1768.03, 52.601, 0.566, 1472.78, small1
small1_nginx_c_940, nginx/1.4.6, 52.38.64.194, 612, 94, 0.581, 1000, 0, 853000, 612000, 1720.89, 54.623, 0.581, 1433.51, small1
small1_nginx_c_950, nginx/1.4.6, 52.38.64.194, 612, 95, 0.614, 1000, 0, 853000, 612000, 1627.99, 58.354, 0.614, 1356.13, small1
small1_nginx_c_960, nginx/1.4.6, 52.38.64.194, 612, 96, 0.675, 1000, 0, 853000, 612000, 1480.98, 64.822, 0.675, 1233.67, small1
small1_nginx_c_970, nginx/1.4.6, 52.38.64.194, 612, 97, 0.587, 1000, 0, 853000, 612000, 1703.15, 56.953, 0.587, 1418.74, small1
small1_nginx_c_980, nginx/1.4.6, 52.38.64.194, 612, 98, 0.551, 1000, 0, 853000, 612000, 1813.76, 54.032, 0.551, 1510.87, small1
small1_nginx_c_990, nginx/1.4.6, 52.38.64.194, 612, 99, 0.560, 1000, 0, 853000, 612000, 1786.84, 55.405, 0.560, 1488.45, small1
small2_apache2_c_10, nginx/1.4.6, 52.38.107.208, 612, 10, 16.600, 10000, 0, 8530000, 6120000, 602.41, 16.600, 1.660, 501.81, small2
small2_apache2_c_100, nginx/1.4.6, 52.38.107.208, 612, 100, 25.522, 10000, 0, 8530000, 6120000, 391.82, 255.222, 2.552, 326.39, small2
small2_apache2_c_1000, nginx/1.4.6, 52.38.107.208, 612, 1000, 5.456, 10000, 2734, 7212212, 4996326, 1832.94, 545.571, 0.546, 1290.97, small2
small2_apache2_c_110, nginx/1.4.6, 52.38.107.208, 612, 110, 23.866, 10000, 0, 8530000, 6120000, 419.01, 262.523, 2.387, 349.04, small2
small2_apache2_c_120, nginx/1.4.6, 52.38.107.208, 612, 120, 22.824, 10000, 0, 8530000, 6120000, 438.14, 273.886, 2.282, 364.97, small2
small2_apache2_c_130, nginx/1.4.6, 52.38.107.208, 612, 130, 20.313, 10000, 0, 8530000, 6120000, 492.30, 264.068, 2.031, 410.09, small2
small2_apache2_c_140, nginx/1.4.6, 52.38.107.208, 612, 140, 20.363, 10000, 0, 8530000, 6120000, 491.09, 285.080, 2.036, 409.08, small2
small2_apache2_c_150, nginx/1.4.6, 52.38.107.208, 612, 150, 21.371, 10000, 0, 8530000, 6120000, 467.92, 320.566, 2.137, 389.78, small2
small2_apache2_c_160, nginx/1.4.6, 52.38.107.208, 612, 160, 24.014, 10000, 0, 8530000, 6120000, 416.43, 384.220, 2.401, 346.89, small2
small2_apache2_c_170, nginx/1.4.6, 52.38.107.208, 612, 170, 16.734, 10000, 0, 8530000, 6120000, 597.59, 284.475, 1.673, 497.80, small2
small2_apache2_c_180, nginx/1.4.6, 52.38.107.208, 612, 180, 16.816, 10000, 0, 8530000, 6120000, 594.68, 302.683, 1.682, 495.37, small2
small2_apache2_c_190, nginx/1.4.6, 52.38.107.208, 612, 190, 18.101, 10000, 0, 8530000, 6120000, 552.46, 343.916, 1.810, 460.20, small2
small2_apache2_c_20, nginx/1.4.6, 52.38.107.208, 612, 20, 17.876, 10000, 0, 8530000, 6120000, 559.41, 35.752, 1.788, 465.99, small2
small2_apache2_c_200, nginx/1.4.6, 52.38.107.208, 612, 200, 19.556, 10000, 0, 8530000, 6120000, 511.35, 391.125, 1.956, 425.95, small2
small2_apache2_c_210, nginx/1.4.6, 52.38.107.208, 612, 210, 18.192, 10000, 0, 8530000, 6120000, 549.69, 382.035, 1.819, 457.89, small2
small2_apache2_c_220, nginx/1.4.6, 52.38.107.208, 612, 220, 8.046, 10000, 0, 8530000, 6120000, 1242.88, 177.008, 0.805, 1035.33, small2
small2_apache2_c_230, nginx/1.4.6, 52.38.107.208, 612, 230, 19.822, 10000, 0, 8530000, 6120000, 504.50, 455.900, 1.982, 420.25, small2
small2_apache2_c_240, nginx/1.4.6, 52.38.107.208, 612, 240, 5.628, 10000, 0, 8530000, 6120000, 1776.80, 135.074, 0.563, 1480.09, small2
small2_apache2_c_250, nginx/1.4.6, 52.38.107.208, 612, 250, 10.333, 10000, 0, 8530000, 6120000, 967.79, 258.319, 1.033, 806.18, small2
small2_apache2_c_260, nginx/1.4.6, 52.38.107.208, 612, 260, 13.249, 10000, 0, 8530000, 6120000, 754.75, 344.485, 1.325, 628.71, small2
small2_apache2_c_270, nginx/1.4.6, 52.38.107.208, 612, 270, 8.240, 10000, 0, 8530000, 6120000, 1213.60, 222.478, 0.824, 1010.94, small2
small2_apache2_c_280, nginx/1.4.6, 52.38.107.208, 612, 280, 5.663, 10000, 0, 8530000, 6120000, 1765.78, 158.570, 0.566, 1470.91, small2
small2_apache2_c_290, nginx/1.4.6, 52.38.107.208, 612, 290, 5.805, 10000, 0, 8530000, 6120000, 1722.69, 168.342, 0.580, 1435.01, small2
small2_apache2_c_30, nginx/1.4.6, 52.38.107.208, 612, 30, 21.306, 10000, 0, 8530000, 6120000, 469.36, 63.917, 2.131, 390.98, small2
small2_apache2_c_300, nginx/1.4.6, 52.38.107.208, 612, 300, 5.805, 10000, 0, 8530000, 6120000, 1722.65, 174.151, 0.581, 1434.98, small2
small2_apache2_c_310, nginx/1.4.6, 52.38.107.208, 612, 310, 6.098, 10000, 0, 8530000, 6120000, 1639.97, 189.028, 0.610, 1366.11, small2
small2_apache2_c_320, nginx/1.4.6, 52.38.107.208, 612, 320, 6.078, 10000, 0, 8530000, 6120000, 1645.36, 194.486, 0.608, 1370.60, small2
small2_apache2_c_330, nginx/1.4.6, 52.38.107.208, 612, 330, 5.027, 10000, 0, 8530000, 6120000, 1989.26, 165.891, 0.503, 1657.07, small2
small2_apache2_c_340, nginx/1.4.6, 52.38.107.208, 612, 340, 5.528, 10000, 0, 8530000, 6120000, 1809.00, 187.949, 0.553, 1506.91, small2
small2_apache2_c_350, nginx/1.4.6, 52.38.107.208, 612, 350, 6.319, 10000, 0, 8530000, 6120000, 1582.58, 221.157, 0.632, 1318.31, small2
small2_apache2_c_360, nginx/1.4.6, 52.38.107.208, 612, 360, 6.105, 10000, 0, 8530000, 6120000, 1637.97, 219.784, 0.611, 1364.44, small2
small2_apache2_c_370, nginx/1.4.6, 52.38.107.208, 612, 370, 5.840, 10000, 0, 8530000, 6120000, 1712.42, 216.069, 0.584, 1426.46, small2
small2_apache2_c_380, nginx/1.4.6, 52.38.107.208, 612, 380, 6.481, 10000, 0, 8530000, 6120000, 1543.03, 246.268, 0.648, 1285.36, small2
small2_apache2_c_390, nginx/1.4.6, 52.38.107.208, 612, 390, 5.433, 10000, 0, 8530000, 6120000, 1840.67, 211.879, 0.543, 1533.30, small2
small2_apache2_c_40, nginx/1.4.6, 52.38.107.208, 612, 40, 27.663, 10000, 0, 8530000, 6120000, 361.49, 110.654, 2.766, 301.12, small2
small2_apache2_c_400, nginx/1.4.6, 52.38.107.208, 612, 400, 5.465, 10000, 0, 8530000, 6120000, 1829.67, 218.619, 0.547, 1524.13, small2
small2_apache2_c_410, nginx/1.4.6, 52.38.107.208, 612, 410, 5.508, 10000, 0, 8530000, 6120000, 1815.39, 225.846, 0.551, 1512.24, small2
small2_apache2_c_420, nginx/1.4.6, 52.38.107.208, 612, 420, 5.426, 10000, 0, 8530000, 6120000, 1842.91, 227.901, 0.543, 1535.16, small2
small2_apache2_c_430, nginx/1.4.6, 52.38.107.208, 612, 430, 15.835, 10000, 0, 8530000, 6120000, 631.53, 680.889, 1.583, 526.07, small2
small2_apache2_c_440, nginx/1.4.6, 52.38.107.208, 612, 440, 6.267, 10000, 0, 8530000, 6120000, 1595.75, 275.732, 0.627, 1329.28, small2
small2_apache2_c_450, nginx/1.4.6, 52.38.107.208, 612, 450, 5.703, 10000, 0, 8530000, 6120000, 1753.61, 256.614, 0.570, 1460.77, small2
small2_apache2_c_460, nginx/1.4.6, 52.38.107.208, 612, 460, 5.717, 10000, 0, 8530000, 6120000, 1749.28, 262.966, 0.572, 1457.16, small2
small2_apache2_c_470, nginx/1.4.6, 52.38.107.208, 612, 470, 5.325, 10000, 0, 8530000, 6120000, 1877.90, 250.279, 0.533, 1564.31, small2
small2_apache2_c_480, nginx/1.4.6, 52.38.107.208, 612, 480, 5.424, 10000, 0, 8530000, 6120000, 1843.68, 260.349, 0.542, 1535.80, small2
small2_apache2_c_490, nginx/1.4.6, 52.38.107.208, 612, 490, 5.726, 10000, 0, 8530000, 6120000, 1746.33, 280.588, 0.573, 1454.71, small2
small2_apache2_c_50, nginx/1.4.6, 52.38.107.208, 612, 50, 24.708, 10000, 0, 8530000, 6120000, 404.72, 123.542, 2.471, 337.14, small2
small2_apache2_c_500, nginx/1.4.6, 52.38.107.208, 612, 500, 5.208, 10000, 0, 8530000, 6120000, 1920.07, 260.407, 0.521, 1599.44, small2
small2_apache2_c_510, nginx/1.4.6, 52.38.107.208, 612, 510, 5.138, 10000, 8, 8526144, 6116712, 1946.15, 262.056, 0.514, 1620.42, small2
small2_apache2_c_520, nginx/1.4.6, 52.38.107.208, 612, 520, 5.247, 10000, 109, 8477462, 6075201, 1906.02, 272.820, 0.525, 1577.95, small2
small2_apache2_c_530, nginx/1.4.6, 52.38.107.208, 612, 530, 5.366, 10000, 330, 8370940, 5984370, 1863.65, 284.388, 0.537, 1523.49, small2
small2_apache2_c_540, nginx/1.4.6, 52.38.107.208, 612, 540, 5.164, 10000, 288, 8391184, 6001632, 1936.65, 278.832, 0.516, 1586.99, small2
small2_apache2_c_550, nginx/1.4.6, 52.38.107.208, 612, 550, 6.080, 10000, 354, 8359372, 5974506, 1644.73, 334.402, 0.608, 1342.66, small2
small2_apache2_c_560, nginx/1.4.6, 52.38.107.208, 612, 560, 5.424, 10000, 687, 8198866, 5837643, 1843.51, 303.769, 0.542, 1476.04, small2
small2_apache2_c_570, nginx/1.4.6, 52.38.107.208, 612, 570, 5.391, 10000, 803, 8142954, 5789967, 1855.11, 307.259, 0.539, 1475.21, small2
small2_apache2_c_580, nginx/1.4.6, 52.38.107.208, 612, 580, 5.548, 10000, 780, 8154040, 5799420, 1802.48, 321.779, 0.555, 1435.30, small2
small2_apache2_c_590, nginx/1.4.6, 52.38.107.208, 612, 590, 5.359, 10000, 695, 8195010, 5834355, 1865.94, 316.195, 0.536, 1493.30, small2
small2_apache2_c_60, nginx/1.4.6, 52.38.107.208, 612, 60, 18.441, 10000, 0, 8530000, 6120000, 542.27, 110.645, 1.844, 451.72, small2
small2_apache2_c_600, nginx/1.4.6, 52.38.107.208, 612, 600, 5.427, 10000, 801, 8143918, 5790789, 1842.57, 325.632, 0.543, 1465.40, small2
small2_apache2_c_610, nginx/1.4.6, 52.38.107.208, 612, 610, 9.346, 10000, 858, 8116444, 5767362, 1069.97, 570.112, 0.935, 848.08, small2
small2_apache2_c_620, nginx/1.4.6, 52.38.107.208, 612, 620, 12.138, 10000, 40, 8510720, 6103560, 823.85, 752.562, 1.214, 684.72, small2
small2_apache2_c_630, nginx/1.4.6, 52.38.107.208, 612, 630, 5.436, 10000, 949, 8072582, 5729961, 1839.55, 342.474, 0.544, 1450.19, small2
small2_apache2_c_640, nginx/1.4.6, 52.38.107.208, 612, 640, 6.228, 10000, 812, 8138616, 5786268, 1605.62, 398.600, 0.623, 1276.13, small2
small2_apache2_c_650, nginx/1.4.6, 52.38.107.208, 612, 650, 5.355, 10000, 1042, 8027756, 5691738, 1867.40, 348.077, 0.536, 1463.97, small2
small2_apache2_c_660, nginx/1.4.6, 52.38.107.208, 612, 660, 5.957, 10000, 1031, 8033058, 5696259, 1678.76, 393.148, 0.596, 1316.95, small2
small2_apache2_c_670, nginx/1.4.6, 52.38.107.208, 612, 670, 5.377, 10000, 1421, 7845078, 5535969, 1859.74, 360.264, 0.538, 1424.79, small2
small2_apache2_c_680, nginx/1.4.6, 52.38.107.208, 612, 680, 5.452, 10000, 1244, 7930392, 5608716, 1834.32, 370.710, 0.545, 1420.59, small2
small2_apache2_c_690, nginx/1.4.6, 52.38.107.208, 612, 690, 5.385, 10000, 1123, 7988714, 5658447, 1857.04, 371.558, 0.538, 1448.77, small2
small2_apache2_c_70, nginx/1.4.6, 52.38.107.208, 612, 70, 18.100, 10000, 0, 8530000, 6120000, 552.50, 126.697, 1.810, 460.24, small2
small2_apache2_c_700, nginx/1.4.6, 52.38.107.208, 612, 700, 5.353, 10000, 790, 8149220, 5795310, 1868.28, 374.677, 0.535, 1486.81, small2
small2_apache2_c_710, nginx/1.4.6, 52.38.107.208, 612, 710, 6.014, 10000, 1468, 7822424, 5516652, 1662.72, 427.011, 0.601, 1270.17, small2
small2_apache2_c_720, nginx/1.4.6, 52.38.107.208, 612, 720, 6.306, 10000, 1724, 7699032, 5411436, 1585.85, 454.014, 0.631, 1192.34, small2
small2_apache2_c_730, nginx/1.4.6, 52.38.107.208, 612, 730, 5.259, 10000, 854, 8118372, 5769006, 1901.32, 383.943, 0.526, 1507.39, small2
small2_apache2_c_740, nginx/1.4.6, 52.38.107.208, 612, 740, 6.694, 10000, 906, 8093308, 5747634, 1493.98, 495.322, 0.669, 1180.78, small2
small2_apache2_c_750, nginx/1.4.6, 52.38.107.208, 612, 750, 5.810, 10000, 729, 8178622, 5820381, 1721.18, 435.749, 0.581, 1374.69, small2
small2_apache2_c_760, nginx/1.4.6, 52.38.107.208, 612, 760, 5.275, 10000, 920, 8086560, 5741880, 1895.62, 400.925, 0.528, 1496.98, small2
small2_apache2_c_770, nginx/1.4.6, 52.38.107.208, 612, 770, 5.431, 10000, 1527, 7793986, 5492403, 1841.12, 418.223, 0.543, 1401.34, small2
small2_apache2_c_780, nginx/1.4.6, 52.38.107.208, 612, 780, 5.604, 10000, 1230, 7937140, 5614470, 1784.47, 437.105, 0.560, 1383.16, small2
small2_apache2_c_790, nginx/1.4.6, 52.38.107.208, 612, 790, 5.544, 10000, 1248, 7928464, 5607072, 1803.86, 437.951, 0.554, 1396.66, small2
small2_apache2_c_80, nginx/1.4.6, 52.38.107.208, 612, 80, 16.021, 10000, 0, 8530000, 6120000, 624.19, 128.167, 1.602, 519.95, small2
small2_apache2_c_800, nginx/1.4.6, 52.38.107.208, 612, 800, 13.529, 10000, 807, 8141026, 5788323, 739.18, 1082.284, 1.353, 587.66, small2
small2_apache2_c_810, nginx/1.4.6, 52.38.107.208, 612, 810, 6.906, 10000, 134, 8465412, 6064926, 1448.03, 559.383, 0.691, 1197.08, small2
small2_apache2_c_820, nginx/1.4.6, 52.38.107.208, 612, 820, 5.343, 10000, 670, 8207060, 5844630, 1871.72, 438.100, 0.534, 1500.13, small2
small2_apache2_c_830, nginx/1.4.6, 52.38.107.208, 612, 830, 5.774, 10000, 732, 8177176, 5819148, 1731.77, 479.278, 0.577, 1382.91, small2
small2_apache2_c_840, nginx/1.4.6, 52.38.107.208, 612, 840, 5.663, 10000, 1562, 7777116, 5478018, 1765.73, 475.723, 0.566, 1341.05, small2
small2_apache2_c_850, nginx/1.4.6, 52.38.107.208, 612, 850, 5.373, 10000, 834, 8128012, 5777226, 1861.03, 456.736, 0.537, 1477.20, small2
small2_apache2_c_860, nginx/1.4.6, 52.38.107.208, 612, 860, 5.166, 10000, 1205, 7949190, 5624745, 1935.84, 444.252, 0.517, 1502.77, small2
small2_apache2_c_870, nginx/1.4.6, 52.38.107.208, 612, 870, 5.411, 10000, 1597, 7760246, 5463633, 1848.14, 470.745, 0.541, 1400.58, small2
small2_apache2_c_880, nginx/1.4.6, 52.38.107.208, 612, 880, 6.147, 10000, 1448, 7832064, 5524872, 1626.91, 540.903, 0.615, 1244.34, small2
small2_apache2_c_890, nginx/1.4.6, 52.38.107.208, 612, 890, 5.869, 10000, 450, 8313100, 5935050, 1703.87, 522.341, 0.587, 1383.24, small2
small2_apache2_c_90, nginx/1.4.6, 52.38.107.208, 612, 90, 18.945, 10000, 0, 8530000, 6120000, 527.84, 170.505, 1.895, 439.70, small2
small2_apache2_c_900, nginx/1.4.6, 52.38.107.208, 612, 900, 5.523, 10000, 813, 8138134, 5785857, 1810.65, 497.059, 0.552, 1438.99, small2
small2_apache2_c_910, nginx/1.4.6, 52.38.107.208, 612, 910, 5.233, 10000, 391, 8341538, 5959299, 1910.81, 476.239, 0.523, 1556.55, small2
small2_apache2_c_920, nginx/1.4.6, 52.38.107.208, 612, 920, 5.475, 10000, 560, 8260080, 5889840, 1826.47, 503.703, 0.548, 1473.32, small2
small2_apache2_c_930, nginx/1.4.6, 52.38.107.208, 612, 930, 5.602, 10000, 629, 8226822, 5861481, 1785.22, 520.945, 0.560, 1434.24, small2
small2_apache2_c_940, nginx/1.4.6, 52.38.107.208, 612, 940, 6.493, 10000, 1082, 8008476, 5675298, 1540.17, 610.321, 0.649, 1204.54, small2
small2_apache2_c_950, nginx/1.4.6, 52.38.107.208, 612, 950, 6.166, 10000, 2054, 7539972, 5275806, 1621.67, 585.817, 0.617, 1194.07, small2
small2_apache2_c_960, nginx/1.4.6, 52.38.107.208, 612, 960, 5.376, 10000, 340, 8366120, 5980260, 1859.97, 516.137, 0.538, 1519.60, small2
small2_apache2_c_970, nginx/1.4.6, 52.38.107.208, 612, 970, 10.907, 10000, 1171, 7965578, 5638719, 916.88, 1057.931, 1.091, 713.23, small2
small2_apache2_c_980, nginx/1.4.6, 52.38.107.208, 612, 980, 10.430, 10000, 186, 8440348, 6043554, 958.79, 1022.126, 1.043, 790.28, small2
small2_apache2_c_990, nginx/1.4.6, 52.38.107.208, 612, 990, 5.734, 10000, 800, 8144400, 5791200, 1743.88, 567.701, 0.573, 1386.99, small2
small2_nginx_c_10, nginx/1.4.6, 52.38.107.208, 612, 1, 2.946, 1000, 0, 853000, 612000, 339.44, 2.946, 2.946, 282.75, small2
small2_nginx_c_100, nginx/1.4.6, 52.38.107.208, 612, 10, 2.356, 1000, 0, 853000, 612000, 424.49, 23.557, 2.356, 353.61, small2
small2_nginx_c_1000, nginx/1.4.6, 52.38.107.208, 612, 100, 5.660, 1000, 0, 853000, 612000, 176.66, 566.048, 5.660, 147.16, small2
small2_nginx_c_110, nginx/1.4.6, 52.38.107.208, 612, 11, 1.247, 1000, 0, 853000, 612000, 801.81, 13.719, 1.247, 667.91, small2
small2_nginx_c_120, nginx/1.4.6, 52.38.107.208, 612, 12, 1.401, 1000, 0, 853000, 612000, 713.73, 16.813, 1.401, 594.54, small2
small2_nginx_c_130, nginx/1.4.6, 52.38.107.208, 612, 13, 2.565, 1000, 0, 853000, 612000, 389.91, 33.341, 2.565, 324.79, small2
small2_nginx_c_140, nginx/1.4.6, 52.38.107.208, 612, 14, 1.603, 1000, 0, 853000, 612000, 623.73, 22.446, 1.603, 519.57, small2
small2_nginx_c_150, nginx/1.4.6, 52.38.107.208, 612, 15, 2.004, 1000, 0, 853000, 612000, 499.01, 30.059, 2.004, 415.68, small2
small2_nginx_c_160, nginx/1.4.6, 52.38.107.208, 612, 16, 1.943, 1000, 0, 853000, 612000, 514.60, 31.092, 1.943, 428.67, small2
small2_nginx_c_170, nginx/1.4.6, 52.38.107.208, 612, 17, 1.212, 1000, 0, 853000, 612000, 825.22, 20.601, 1.212, 687.41, small2
small2_nginx_c_180, nginx/1.4.6, 52.38.107.208, 612, 18, 1.084, 1000, 0, 853000, 612000, 922.72, 19.508, 1.084, 768.63, small2
small2_nginx_c_190, nginx/1.4.6, 52.38.107.208, 612, 19, 1.524, 1000, 0, 853000, 612000, 656.22, 28.954, 1.524, 546.64, small2
small2_nginx_c_20, nginx/1.4.6, 52.38.107.208, 612, 2, 1.469, 1000, 0, 853000, 612000, 680.89, 2.937, 1.469, 567.19, small2
small2_nginx_c_200, nginx/1.4.6, 52.38.107.208, 612, 20, 2.634, 1000, 0, 853000, 612000, 379.65, 52.680, 2.634, 316.25, small2
small2_nginx_c_210, nginx/1.4.6, 52.38.107.208, 612, 21, 2.404, 1000, 0, 853000, 612000, 416.00, 50.481, 2.404, 346.53, small2
small2_nginx_c_220, nginx/1.4.6, 52.38.107.208, 612, 22, 1.936, 1000, 0, 853000, 612000, 516.45, 42.598, 1.936, 430.21, small2
small2_nginx_c_230, nginx/1.4.6, 52.38.107.208, 612, 23, 2.288, 1000, 0, 853000, 612000, 437.13, 52.616, 2.288, 364.13, small2
small2_nginx_c_240, nginx/1.4.6, 52.38.107.208, 612, 24, 2.750, 1000, 0, 853000, 612000, 363.60, 66.007, 2.750, 302.88, small2
small2_nginx_c_250, nginx/1.4.6, 52.38.107.208, 612, 25, 3.325, 1000, 0, 853000, 612000, 300.79, 83.116, 3.325, 250.56, small2
small2_nginx_c_260, nginx/1.4.6, 52.38.107.208, 612, 26, 4.295, 1000, 0, 853000, 612000, 232.81, 111.681, 4.295, 193.93, small2
small2_nginx_c_270, nginx/1.4.6, 52.38.107.208, 612, 27, 1.683, 1000, 0, 853000, 612000, 594.33, 45.429, 1.683, 495.08, small2
small2_nginx_c_280, nginx/1.4.6, 52.38.107.208, 612, 28, 1.171, 1000, 0, 853000, 612000, 854.11, 32.783, 1.171, 711.48, small2
small2_nginx_c_290, nginx/1.4.6, 52.38.107.208, 612, 29, 3.013, 1000, 0, 853000, 612000, 331.93, 87.367, 3.013, 276.50, small2
small2_nginx_c_30, nginx/1.4.6, 52.38.107.208, 612, 3, 2.155, 1000, 0, 853000, 612000, 464.00, 6.466, 2.155, 386.51, small2
small2_nginx_c_300, nginx/1.4.6, 52.38.107.208, 612, 30, 1.458, 1000, 0, 853000, 612000, 685.90, 43.738, 1.458, 571.36, small2
small2_nginx_c_310, nginx/1.4.6, 52.38.107.208, 612, 31, 2.889, 1000, 0, 853000, 612000, 346.15, 89.556, 2.889, 288.35, small2
small2_nginx_c_320, nginx/1.4.6, 52.38.107.208, 612, 32, 1.798, 1000, 0, 853000, 612000, 556.32, 57.521, 1.798, 463.42, small2
small2_nginx_c_330, nginx/1.4.6, 52.38.107.208, 612, 33, 1.715, 1000, 0, 853000, 612000, 583.16, 56.588, 1.715, 485.77, small2
small2_nginx_c_340, nginx/1.4.6, 52.38.107.208, 612, 34, 1.474, 1000, 0, 853000, 612000, 678.42, 50.116, 1.474, 565.13, small2
small2_nginx_c_350, nginx/1.4.6, 52.38.107.208, 612, 35, 1.129, 1000, 0, 853000, 612000, 885.99, 39.504, 1.129, 738.03, small2
small2_nginx_c_360, nginx/1.4.6, 52.38.107.208, 612, 36, 1.545, 1000, 0, 853000, 612000, 647.10, 55.633, 1.545, 539.04, small2
small2_nginx_c_370, nginx/1.4.6, 52.38.107.208, 612, 37, 14.052, 1000, 0, 853000, 612000, 71.16, 519.935, 14.052, 59.28, small2
small2_nginx_c_380, nginx/1.4.6, 52.38.107.208, 612, 38, 9.510, 1000, 0, 853000, 612000, 105.15, 361.398, 9.510, 87.59, small2
small2_nginx_c_390, nginx/1.4.6, 52.38.107.208, 612, 39, 2.191, 1000, 0, 853000, 612000, 456.32, 85.467, 2.191, 380.11, small2
small2_nginx_c_40, nginx/1.4.6, 52.38.107.208, 612, 4, 15.638, 1000, 0, 853000, 612000, 63.95, 62.552, 15.638, 53.27, small2
small2_nginx_c_400, nginx/1.4.6, 52.38.107.208, 612, 40, 2.949, 1000, 0, 853000, 612000, 339.08, 117.966, 2.949, 282.46, small2
small2_nginx_c_410, nginx/1.4.6, 52.38.107.208, 612, 41, 3.134, 1000, 0, 853000, 612000, 319.05, 128.506, 3.134, 265.77, small2
small2_nginx_c_420, nginx/1.4.6, 52.38.107.208, 612, 42, 2.129, 1000, 0, 853000, 612000, 469.80, 89.399, 2.129, 391.35, small2
small2_nginx_c_430, nginx/1.4.6, 52.38.107.208, 612, 43, 2.373, 1000, 0, 853000, 612000, 421.34, 102.055, 2.373, 350.98, small2
small2_nginx_c_440, nginx/1.4.6, 52.38.107.208, 612, 44, 4.428, 1000, 0, 853000, 612000, 225.85, 194.819, 4.428, 188.13, small2
small2_nginx_c_450, nginx/1.4.6, 52.38.107.208, 612, 45, 3.061, 1000, 0, 853000, 612000, 326.73, 137.729, 3.061, 272.17, small2
small2_nginx_c_460, nginx/1.4.6, 52.38.107.208, 612, 46, 1.044, 1000, 0, 853000, 612000, 958.19, 48.007, 1.044, 798.18, small2
small2_nginx_c_470, nginx/1.4.6, 52.38.107.208, 612, 47, 2.203, 1000, 0, 853000, 612000, 453.92, 103.541, 2.203, 378.12, small2
small2_nginx_c_480, nginx/1.4.6, 52.38.107.208, 612, 48, 3.458, 1000, 0, 853000, 612000, 289.17, 165.994, 3.458, 240.88, small2
small2_nginx_c_490, nginx/1.4.6, 52.38.107.208, 612, 49, 1.319, 1000, 0, 853000, 612000, 758.37, 64.612, 1.319, 631.73, small2
small2_nginx_c_50, nginx/1.4.6, 52.38.107.208, 612, 5, 1.756, 1000, 0, 853000, 612000, 569.34, 8.782, 1.756, 474.26, small2
small2_nginx_c_500, nginx/1.4.6, 52.38.107.208, 612, 50, 1.159, 1000, 0, 853000, 612000, 862.92, 57.943, 1.159, 718.82, small2
small2_nginx_c_510, nginx/1.4.6, 52.38.107.208, 612, 51, 1.922, 1000, 0, 853000, 612000, 520.39, 98.004, 1.922, 433.49, small2
small2_nginx_c_520, nginx/1.4.6, 52.38.107.208, 612, 52, 2.005, 1000, 0, 853000, 612000, 498.68, 104.275, 2.005, 415.41, small2
small2_nginx_c_530, nginx/1.4.6, 52.38.107.208, 612, 53, 1.328, 1000, 0, 853000, 612000, 753.02, 70.383, 1.328, 627.27, small2
small2_nginx_c_540, nginx/1.4.6, 52.38.107.208, 612, 54, 1.443, 1000, 0, 853000, 612000, 692.90, 77.933, 1.443, 577.19, small2
small2_nginx_c_550, nginx/1.4.6, 52.38.107.208, 612, 55, 1.163, 1000, 0, 853000, 612000, 859.82, 63.967, 1.163, 716.24, small2
small2_nginx_c_560, nginx/1.4.6, 52.38.107.208, 612, 56, 2.564, 1000, 0, 853000, 612000, 389.98, 143.596, 2.564, 324.86, small2
small2_nginx_c_570, nginx/1.4.6, 52.38.107.208, 612, 57, 2.258, 1000, 0, 853000, 612000, 442.83, 128.716, 2.258, 368.88, small2
small2_nginx_c_580, nginx/1.4.6, 52.38.107.208, 612, 58, 1.607, 1000, 0, 853000, 612000, 622.14, 93.227, 1.607, 518.25, small2
small2_nginx_c_590, nginx/1.4.6, 52.38.107.208, 612, 59, 2.100, 1000, 0, 853000, 612000, 476.12, 123.919, 2.100, 396.61, small2
small2_nginx_c_60, nginx/1.4.6, 52.38.107.208, 612, 6, 0.916, 1000, 0, 853000, 612000, 1091.85, 5.495, 0.916, 909.52, small2
small2_nginx_c_600, nginx/1.4.6, 52.38.107.208, 612, 60, 1.108, 1000, 0, 853000, 612000, 902.35, 66.493, 1.108, 751.66, small2
small2_nginx_c_610, nginx/1.4.6, 52.38.107.208, 612, 61, 4.712, 1000, 0, 853000, 612000, 212.20, 287.459, 4.712, 176.77, small2
small2_nginx_c_620, nginx/1.4.6, 52.38.107.208, 612, 62, 24.730, 1000, 0, 853000, 612000, 40.44, 1533.276, 24.730, 33.68, small2
small2_nginx_c_630, nginx/1.4.6, 52.38.107.208, 612, 63, 4.530, 1000, 0, 853000, 612000, 220.74, 285.404, 4.530, 183.88, small2
small2_nginx_c_640, nginx/1.4.6, 52.38.107.208, 612, 64, 1.848, 1000, 0, 853000, 612000, 541.10, 118.278, 1.848, 450.74, small2
small2_nginx_c_650, nginx/1.4.6, 52.38.107.208, 612, 65, 0.919, 1000, 0, 853000, 612000, 1088.32, 59.725, 0.919, 906.58, small2
small2_nginx_c_660, nginx/1.4.6, 52.38.107.208, 612, 66, 1.790, 1000, 0, 853000, 612000, 558.62, 118.149, 1.790, 465.33, small2
small2_nginx_c_670, nginx/1.4.6, 52.38.107.208, 612, 67, 2.892, 1000, 0, 853000, 612000, 345.81, 193.750, 2.892, 288.06, small2
small2_nginx_c_680, nginx/1.4.6, 52.38.107.208, 612, 68, 3.401, 1000, 0, 853000, 612000, 294.00, 231.294, 3.401, 244.90, small2
small2_nginx_c_690, nginx/1.4.6, 52.38.107.208, 612, 69, 2.867, 1000, 0, 853000, 612000, 348.84, 197.798, 2.867, 290.59, small2
small2_nginx_c_70, nginx/1.4.6, 52.38.107.208, 612, 7, 0.622, 1000, 0, 853000, 612000, 1608.47, 4.352, 0.622, 1339.87, small2
small2_nginx_c_700, nginx/1.4.6, 52.38.107.208, 612, 70, 2.376, 1000, 0, 853000, 612000, 420.90, 166.311, 2.376, 350.61, small2
small2_nginx_c_710, nginx/1.4.6, 52.38.107.208, 612, 71, 1.630, 1000, 0, 853000, 612000, 613.65, 115.701, 1.630, 511.17, small2
small2_nginx_c_720, nginx/1.4.6, 52.38.107.208, 612, 72, 1.515, 1000, 0, 853000, 612000, 660.06, 109.081, 1.515, 549.83, small2
small2_nginx_c_730, nginx/1.4.6, 52.38.107.208, 612, 73, 4.625, 1000, 0, 853000, 612000, 216.20, 337.648, 4.625, 180.10, small2
small2_nginx_c_740, nginx/1.4.6, 52.38.107.208, 612, 74, 5.047, 1000, 0, 853000, 612000, 198.14, 373.481, 5.047, 165.05, small2
small2_nginx_c_750, nginx/1.4.6, 52.38.107.208, 612, 75, 4.909, 1000, 0, 853000, 612000, 203.70, 368.189, 4.909, 169.68, small2
small2_nginx_c_760, nginx/1.4.6, 52.38.107.208, 612, 76, 2.948, 1000, 0, 853000, 612000, 339.25, 224.024, 2.948, 282.60, small2
small2_nginx_c_770, nginx/1.4.6, 52.38.107.208, 612, 77, 4.837, 1000, 0, 853000, 612000, 206.73, 372.474, 4.837, 172.20, small2
small2_nginx_c_780, nginx/1.4.6, 52.38.107.208, 612, 78, 5.138, 1000, 0, 853000, 612000, 194.61, 400.792, 5.138, 162.12, small2
small2_nginx_c_790, nginx/1.4.6, 52.38.107.208, 612, 79, 4.572, 1000, 0, 853000, 612000, 218.74, 361.154, 4.572, 182.21, small2
small2_nginx_c_80, nginx/1.4.6, 52.38.107.208, 612, 8, 0.751, 1000, 0, 853000, 612000, 1331.98, 6.006, 0.751, 1109.55, small2
small2_nginx_c_800, nginx/1.4.6, 52.38.107.208, 612, 80, 2.383, 1000, 0, 853000, 612000, 419.57, 190.672, 2.383, 349.50, small2
small2_nginx_c_810, nginx/1.4.6, 52.38.107.208, 612, 81, 2.049, 1000, 0, 853000, 612000, 488.11, 165.945, 2.049, 406.60, small2
small2_nginx_c_820, nginx/1.4.6, 52.38.107.208, 612, 82, 3.214, 1000, 0, 853000, 612000, 311.12, 263.560, 3.214, 259.17, small2
small2_nginx_c_830, nginx/1.4.6, 52.38.107.208, 612, 83, 2.474, 1000, 0, 853000, 612000, 404.22, 205.332, 2.474, 336.72, small2
small2_nginx_c_840, nginx/1.4.6, 52.38.107.208, 612, 84, 9.693, 1000, 0, 853000, 612000, 103.17, 814.186, 9.693, 85.94, small2
small2_nginx_c_850, nginx/1.4.6, 52.38.107.208, 612, 85, 6.891, 1000, 0, 853000, 612000, 145.11, 585.773, 6.891, 120.88, small2
small2_nginx_c_860, nginx/1.4.6, 52.38.107.208, 612, 86, 2.583, 1000, 0, 853000, 612000, 387.20, 222.110, 2.583, 322.54, small2
small2_nginx_c_870, nginx/1.4.6, 52.38.107.208, 612, 87, 2.551, 1000, 0, 853000, 612000, 392.05, 221.910, 2.551, 326.58, small2
small2_nginx_c_880, nginx/1.4.6, 52.38.107.208, 612, 88, 3.532, 1000, 0, 853000, 612000, 283.16, 310.776, 3.532, 235.88, small2
small2_nginx_c_890, nginx/1.4.6, 52.38.107.208, 612, 89, 10.822, 1000, 0, 853000, 612000, 92.41, 963.139, 10.822, 76.98, small2
small2_nginx_c_90, nginx/1.4.6, 52.38.107.208, 612, 9, 3.393, 1000, 0, 853000, 612000, 294.69, 30.541, 3.393, 245.48, small2
small2_nginx_c_900, nginx/1.4.6, 52.38.107.208, 612, 90, 12.377, 1000, 0, 853000, 612000, 80.79, 1113.971, 12.377, 67.30, small2
small2_nginx_c_910, nginx/1.4.6, 52.38.107.208, 612, 91, 3.959, 1000, 0, 853000, 612000, 252.59, 360.268, 3.959, 210.41, small2
small2_nginx_c_920, nginx/1.4.6, 52.38.107.208, 612, 92, 1.931, 1000, 0, 853000, 612000, 517.75, 177.690, 1.931, 431.29, small2
small2_nginx_c_930, nginx/1.4.6, 52.38.107.208, 612, 93, 2.479, 1000, 0, 853000, 612000, 403.40, 230.542, 2.479, 336.03, small2
small2_nginx_c_940, nginx/1.4.6, 52.38.107.208, 612, 94, 3.142, 1000, 0, 853000, 612000, 318.26, 295.357, 3.142, 265.11, small2
small2_nginx_c_950, nginx/1.4.6, 52.38.107.208, 612, 95, 1.284, 1000, 0, 853000, 612000, 778.57, 122.018, 1.284, 648.56, small2
small2_nginx_c_960, nginx/1.4.6, 52.38.107.208, 612, 96, 10.924, 1000, 0, 853000, 612000, 91.54, 1048.710, 10.924, 76.25, small2
small2_nginx_c_970, nginx/1.4.6, 52.38.107.208, 612, 97, 6.831, 1000, 0, 853000, 612000, 146.39, 662.615, 6.831, 121.94, small2
small2_nginx_c_980, nginx/1.4.6, 52.38.107.208, 612, 98, 2.246, 1000, 0, 853000, 612000, 445.17, 220.143, 2.246, 370.83, small2
small2_nginx_c_990, nginx/1.4.6, 52.38.107.208, 612, 99, 2.090, 1000, 0, 853000, 612000, 478.41, 206.934, 2.090, 398.52, small2
small3_apache2_c_10, lighttpd/1.4.33, 52.10.223.187, 3568, 10, 110.553, 10000, 0, 38250000, 35680000, 90.45, 110.553, 11.055, 337.88, small3
small3_apache2_c_100, lighttpd/1.4.33, 52.10.223.187, 3568, 100, 28.984, 10000, 0, 38250000, 35680000, 345.02, 289.835, 2.898, 1288.78, small3
small3_apache2_c_110, lighttpd/1.4.33, 52.10.223.187, 3568, 110, 38.659, 10000, 0, 38250000, 35680000, 258.67, 425.249, 3.866, 966.23, small3
small3_apache2_c_120, lighttpd/1.4.33, 52.10.223.187, 3568, 120, 29.540, 10000, 0, 38250000, 35680000, 338.53, 354.477, 2.954, 1264.52, small3
small3_apache2_c_130, lighttpd/1.4.33, 52.10.223.187, 3568, 130, 29.209, 10000, 0, 38250000, 35680000, 342.36, 379.713, 2.921, 1278.85, small3
small3_apache2_c_140, lighttpd/1.4.33, 52.10.223.187, 3568, 140, 28.905, 10000, 0, 38250000, 35680000, 345.96, 404.671, 2.891, 1292.28, small3
small3_apache2_c_150, lighttpd/1.4.33, 52.10.223.187, 3568, 150, 29.895, 10000, 0, 38250000, 35680000, 334.51, 448.423, 2.989, 1249.50, small3
small3_apache2_c_160, lighttpd/1.4.33, 52.10.223.187, 3568, 160, 27.282, 10000, 0, 38250000, 35680000, 366.54, 436.519, 2.728, 1369.14, small3
small3_apache2_c_170, lighttpd/1.4.33, 52.10.223.187, 3568, 170, 28.042, 10000, 0, 38250000, 35680000, 356.61, 476.707, 2.804, 1332.07, small3
small3_apache2_c_180, lighttpd/1.4.33, 52.10.223.187, 3568, 180, 26.600, 10000, 0, 38250000, 35680000, 375.93, 478.807, 2.660, 1404.25, small3
small3_apache2_c_190, lighttpd/1.4.33, 52.10.223.187, 3568, 190, 31.712, 10000, 0, 38250000, 35680000, 315.34, 602.521, 3.171, 1177.91, small3
small3_apache2_c_20, lighttpd/1.4.33, 52.10.223.187, 3568, 20, 120.087, 10000, 0, 38250000, 35680000, 83.27, 240.174, 12.009, 311.05, small3
small3_apache2_c_200, lighttpd/1.4.33, 52.10.223.187, 3568, 200, 21.583, 10000, 0, 38250000, 35680000, 463.34, 431.650, 2.158, 1730.73, small3
small3_apache2_c_210, lighttpd/1.4.33, 52.10.223.187, 3568, 210, 18.027, 10000, 0, 38250000, 35680000, 554.71, 378.577, 1.803, 2072.03, small3
small3_apache2_c_220, lighttpd/1.4.33, 52.10.223.187, 3568, 220, 7.432, 10000, 0, 38250000, 35680000, 1345.48, 163.510, 0.743, 5025.84, small3
small3_apache2_c_230, lighttpd/1.4.33, 52.10.223.187, 3568, 230, 7.574, 10000, 0, 38250000, 35680000, 1320.29, 174.204, 0.757, 4931.75, small3
small3_apache2_c_240, lighttpd/1.4.33, 52.10.223.187, 3568, 240, 6.948, 10000, 0, 38250000, 35680000, 1439.18, 166.762, 0.695, 5375.85, small3
small3_apache2_c_250, lighttpd/1.4.33, 52.10.223.187, 3568, 250, 7.583, 10000, 0, 38250000, 35680000, 1318.81, 189.564, 0.758, 4926.23, small3
small3_apache2_c_260, lighttpd/1.4.33, 52.10.223.187, 3568, 260, 8.608, 10000, 0, 38250000, 35680000, 1161.65, 223.819, 0.861, 4339.18, small3
small3_apache2_c_270, lighttpd/1.4.33, 52.10.223.187, 3568, 270, 7.246, 10000, 0, 38250000, 35680000, 1380.07, 195.642, 0.725, 5155.05, small3
small3_apache2_c_280, lighttpd/1.4.33, 52.10.223.187, 3568, 280, 11.320, 10000, 0, 38250000, 35680000, 883.38, 316.965, 1.132, 3299.73, small3
small3_apache2_c_290, lighttpd/1.4.33, 52.10.223.187, 3568, 290, 8.511, 10000, 0, 38250000, 35680000, 1175.01, 246.806, 0.851, 4389.09, small3
small3_apache2_c_30, lighttpd/1.4.33, 52.10.223.187, 3568, 30, 110.349, 10000, 0, 38250000, 35680000, 90.62, 331.048, 11.035, 338.50, small3
small3_apache2_c_300, lighttpd/1.4.33, 52.10.223.187, 3568, 300, 9.469, 10000, 0, 38250000, 35680000, 1056.10, 284.065, 0.947, 3944.90, small3
small3_apache2_c_310, lighttpd/1.4.33, 52.10.223.187, 3568, 310, 7.690, 10000, 0, 38250000, 35680000, 1300.46, 238.378, 0.769, 4857.66, small3
small3_apache2_c_320, lighttpd/1.4.33, 52.10.223.187, 3568, 320, 7.029, 10000, 0, 38250000, 35680000, 1422.71, 224.923, 0.703, 5314.33, small3
small3_apache2_c_330, lighttpd/1.4.33, 52.10.223.187, 3568, 330, 8.617, 10000, 0, 38250000, 35680000, 1160.56, 284.345, 0.862, 4335.11, small3
small3_apache2_c_340, lighttpd/1.4.33, 52.10.223.187, 3568, 340, 8.992, 10000, 0, 38250000, 35680000, 1112.07, 305.735, 0.899, 4153.98, small3
small3_apache2_c_350, lighttpd/1.4.33, 52.10.223.187, 3568, 350, 7.407, 10000, 0, 38250000, 35680000, 1350.00, 259.258, 0.741, 5042.74, small3
small3_apache2_c_360, lighttpd/1.4.33, 52.10.223.187, 3568, 360, 11.264, 10000, 0, 38250000, 35680000, 887.76, 405.516, 1.126, 3316.09, small3
small3_apache2_c_370, lighttpd/1.4.33, 52.10.223.187, 3568, 370, 10.448, 10000, 0, 38250000, 35680000, 957.11, 386.579, 1.045, 3575.16, small3
small3_apache2_c_380, lighttpd/1.4.33, 52.10.223.187, 3568, 380, 13.735, 10000, 0, 38250000, 35680000, 728.07, 521.929, 1.373, 2719.59, small3
small3_apache2_c_390, lighttpd/1.4.33, 52.10.223.187, 3568, 390, 9.819, 10000, 0, 38250000, 35680000, 1018.43, 382.944, 0.982, 3804.18, small3
small3_apache2_c_40, lighttpd/1.4.33, 52.10.223.187, 3568, 40, 79.492, 10000, 0, 38250000, 35680000, 125.80, 317.967, 7.949, 469.90, small3
small3_apache2_c_400, lighttpd/1.4.33, 52.10.223.187, 3568, 400, 8.257, 10000, 0, 38250000, 35680000, 1211.05, 330.291, 0.826, 4523.71, small3
small3_apache2_c_410, lighttpd/1.4.33, 52.10.223.187, 3568, 410, 8.086, 10000, 0, 38250000, 35680000, 1236.77, 331.508, 0.809, 4619.78, small3
small3_apache2_c_420, lighttpd/1.4.33, 52.10.223.187, 3568, 420, 9.184, 10000, 0, 38250000, 35680000, 1088.84, 385.730, 0.918, 4067.22, small3
small3_apache2_c_430, lighttpd/1.4.33, 52.10.223.187, 3568, 430, 9.085, 10000, 0, 38250000, 35680000, 1100.78, 390.634, 0.908, 4111.78, small3
small3_apache2_c_440, lighttpd/1.4.33, 52.10.223.187, 3568, 440, 9.194, 10000, 0, 38250000, 35680000, 1087.69, 404.529, 0.919, 4062.89, small3
small3_apache2_c_450, lighttpd/1.4.33, 52.10.223.187, 3568, 450, 6.961, 10000, 0, 38250000, 35680000, 1436.63, 313.232, 0.696, 5366.33, small3
small3_apache2_c_460, lighttpd/1.4.33, 52.10.223.187, 3568, 460, 16.018, 10000, 0, 38250000, 35680000, 624.28, 736.843, 1.602, 2331.92, small3
small3_apache2_c_470, lighttpd/1.4.33, 52.10.223.187, 3568, 470, 9.896, 10000, 0, 38250000, 35680000, 1010.49, 465.122, 0.990, 3774.52, small3
small3_apache2_c_480, lighttpd/1.4.33, 52.10.223.187, 3568, 480, 14.909, 10000, 0, 38250000, 35680000, 670.76, 715.611, 1.491, 2505.51, small3
small3_apache2_c_490, lighttpd/1.4.33, 52.10.223.187, 3568, 490, 8.211, 10000, 0, 38250000, 35680000, 1217.90, 402.331, 0.821, 4549.30, small3
small3_apache2_c_50, lighttpd/1.4.33, 52.10.223.187, 3568, 50, 47.820, 10000, 0, 38250000, 35680000, 209.12, 239.102, 4.782, 781.12, small3
small3_apache2_c_500, lighttpd/1.4.33, 52.10.223.187, 3568, 500, 10.107, 10000, 0, 38250000, 35680000, 989.43, 505.340, 1.011, 3695.88, small3
small3_apache2_c_510, lighttpd/1.4.33, 52.10.223.187, 3568, 510, 7.496, 10000, 0, 38250000, 35680000, 1334.01, 382.305, 0.750, 4983.01, small3
small3_apache2_c_520, lighttpd/1.4.33, 52.10.223.187, 3568, 520, 17.571, 10000, 0, 38250000, 35680000, 569.13, 913.668, 1.757, 2125.92, small3
small3_apache2_c_530, lighttpd/1.4.33, 52.10.223.187, 3568, 530, 7.235, 10000, 0, 38250000, 35680000, 1382.16, 383.458, 0.724, 5162.85, small3
small3_apache2_c_540, lighttpd/1.4.33, 52.10.223.187, 3568, 540, 6.759, 10000, 0, 38250000, 35680000, 1479.49, 364.990, 0.676, 5526.43, small3
small3_apache2_c_560, lighttpd/1.4.33, 52.10.223.187, 3568, 560, 19.205, 10000, 0, 38250000, 35680000, 520.71, 1075.457, 1.920, 1945.03, small3
small3_apache2_c_570, lighttpd/1.4.33, 52.10.223.187, 3568, 570, 9.310, 10000, 0, 38250000, 35680000, 1074.15, 530.652, 0.931, 4012.33, small3
small3_apache2_c_580, lighttpd/1.4.33, 52.10.223.187, 3568, 580, 8.498, 10000, 0, 38250000, 35680000, 1176.72, 492.895, 0.850, 4395.47, small3
small3_apache2_c_590, lighttpd/1.4.33, 52.10.223.187, 3568, 590, 7.133, 10000, 0, 38250000, 35680000, 1401.99, 420.831, 0.713, 5236.91, small3
small3_apache2_c_60, lighttpd/1.4.33, 52.10.223.187, 3568, 60, 31.854, 10000, 0, 38250000, 35680000, 313.93, 191.122, 3.185, 1172.66, small3
small3_apache2_c_600, lighttpd/1.4.33, 52.10.223.187, 3568, 600, 6.852, 10000, 0, 38250000, 35680000, 1459.44, 411.117, 0.685, 5451.52, small3
small3_apache2_c_610, lighttpd/1.4.33, 52.10.223.187, 3568, 610, 6.770, 10000, 0, 38250000, 35680000, 1477.01, 412.997, 0.677, 5517.15, small3
small3_apache2_c_620, lighttpd/1.4.33, 52.10.223.187, 3568, 620, 7.488, 10000, 0, 38250000, 35680000, 1335.41, 464.276, 0.749, 4988.24, small3
small3_apache2_c_630, lighttpd/1.4.33, 52.10.223.187, 3568, 630, 7.341, 10000, 0, 38250000, 35680000, 1362.15, 462.505, 0.734, 5088.10, small3
small3_apache2_c_640, lighttpd/1.4.33, 52.10.223.187, 3568, 640, 6.758, 10000, 0, 38250000, 35680000, 1479.75, 432.507, 0.676, 5527.37, small3
small3_apache2_c_650, lighttpd/1.4.33, 52.10.223.187, 3568, 650, 8.334, 10000, 0, 38250000, 35680000, 1199.88, 541.720, 0.833, 4481.98, small3
small3_apache2_c_660, lighttpd/1.4.33, 52.10.223.187, 3568, 660, 7.308, 10000, 0, 38250000, 35680000, 1368.45, 482.298, 0.731, 5111.64, small3
small3_apache2_c_670, lighttpd/1.4.33, 52.10.223.187, 3568, 670, 7.473, 10000, 0, 38250000, 35680000, 1338.16, 500.686, 0.747, 4998.51, small3
small3_apache2_c_680, lighttpd/1.4.33, 52.10.223.187, 3568, 680, 7.518, 10000, 0, 38250000, 35680000, 1330.18, 511.210, 0.752, 4968.68, small3
small3_apache2_c_690, lighttpd/1.4.33, 52.10.223.187, 3568, 690, 6.805, 10000, 0, 38250000, 35680000, 1469.49, 469.552, 0.681, 5489.04, small3
small3_apache2_c_70, lighttpd/1.4.33, 52.10.223.187, 3568, 70, 31.029, 10000, 0, 38250000, 35680000, 322.28, 217.200, 3.103, 1203.84, small3
small3_apache2_c_700, lighttpd/1.4.33, 52.10.223.187, 3568, 700, 6.744, 10000, 0, 38250000, 35680000, 1482.88, 472.056, 0.674, 5539.06, small3
small3_apache2_c_710, lighttpd/1.4.33, 52.10.223.187, 3568, 710, 6.877, 10000, 0, 38250000, 35680000, 1454.08, 488.282, 0.688, 5431.49, small3
small3_apache2_c_720, lighttpd/1.4.33, 52.10.223.187, 3568, 720, 7.161, 10000, 0, 38250000, 35680000, 1396.47, 515.587, 0.716, 5216.29, small3
small3_apache2_c_730, lighttpd/1.4.33, 52.10.223.187, 3568, 730, 8.943, 10000, 0, 38250000, 35680000, 1118.15, 652.866, 0.894, 4176.67, small3
small3_apache2_c_740, lighttpd/1.4.33, 52.10.223.187, 3568, 740, 8.091, 10000, 0, 38250000, 35680000, 1235.98, 598.713, 0.809, 4616.84, small3
small3_apache2_c_750, lighttpd/1.4.33, 52.10.223.187, 3568, 750, 8.586, 10000, 0, 38250000, 35680000, 1164.69, 643.947, 0.859, 4350.54, small3
small3_apache2_c_760, lighttpd/1.4.33, 52.10.223.187, 3568, 760, 7.123, 10000, 0, 38250000, 35680000, 1403.98, 541.320, 0.712, 5244.35, small3
small3_apache2_c_770, lighttpd/1.4.33, 52.10.223.187, 3568, 770, 8.554, 10000, 0, 38250000, 35680000, 1169.03, 658.668, 0.855, 4366.72, small3
small3_apache2_c_780, lighttpd/1.4.33, 52.10.223.187, 3568, 780, 7.221, 10000, 0, 38250000, 35680000, 1384.91, 563.213, 0.722, 5173.13, small3
small3_apache2_c_790, lighttpd/1.4.33, 52.10.223.187, 3568, 790, 7.696, 10000, 0, 38250000, 35680000, 1299.31, 608.015, 0.770, 4853.38, small3
small3_apache2_c_80, lighttpd/1.4.33, 52.10.223.187, 3568, 80, 39.959, 10000, 0, 38250000, 35680000, 250.26, 319.674, 3.996, 934.79, small3
small3_apache2_c_800, lighttpd/1.4.33, 52.10.223.187, 3568, 800, 7.548, 10000, 0, 38250000, 35680000, 1324.86, 603.836, 0.755, 4948.83, small3
small3_apache2_c_810, lighttpd/1.4.33, 52.10.223.187, 3568, 810, 8.828, 10000, 0, 38250000, 35680000, 1132.82, 715.031, 0.883, 4231.47, small3
small3_apache2_c_820, lighttpd/1.4.33, 52.10.223.187, 3568, 820, 8.160, 10000, 0, 38250000, 35680000, 1225.47, 669.129, 0.816, 4577.57, small3
small3_apache2_c_830, lighttpd/1.4.33, 52.10.223.187, 3568, 830, 7.544, 10000, 0, 38250000, 35680000, 1325.61, 626.128, 0.754, 4951.61, small3
small3_apache2_c_850, lighttpd/1.4.33, 52.10.223.187, 3568, 850, 8.732, 10000, 0, 38250000, 35680000, 1145.22, 742.218, 0.873, 4277.78, small3
small3_apache2_c_870, lighttpd/1.4.33, 52.10.223.187, 3568, 870, 7.238, 10000, 0, 38250000, 35680000, 1381.54, 629.731, 0.724, 5160.55, small3
small3_apache2_c_880, lighttpd/1.4.33, 52.10.223.187, 3568, 880, 6.840, 10000, 0, 38250000, 35680000, 1461.99, 601.920, 0.684, 5461.04, small3
small3_apache2_c_90, lighttpd/1.4.33, 52.10.223.187, 3568, 90, 28.470, 10000, 0, 38250000, 35680000, 351.24, 256.234, 2.847, 1312.01, small3
small3_apache2_c_930, lighttpd/1.4.33, 52.10.223.187, 3568, 930, 7.170, 10000, 0, 38250000, 35680000, 1394.67, 666.823, 0.717, 5209.59, small3
small3_lighttpd_c_10, lighttpd/1.4.33, 52.10.223.187, 3568, 1, 1.817, 1000, 0, 3825000, 3568000, 550.28, 1.817, 1.817, 2055.48, small3
small3_lighttpd_c_100, lighttpd/1.4.33, 52.10.223.187, 3568, 10, 1.062, 1000, 0, 3825000, 3568000, 941.90, 10.617, 1.062, 3518.31, small3
small3_lighttpd_c_1000, lighttpd/1.4.33, 52.10.223.187, 3568, 100, 0.705, 1000, 0, 3825000, 3568000, 1419.36, 70.454, 0.705, 5301.79, small3
small3_lighttpd_c_110, lighttpd/1.4.33, 52.10.223.187, 3568, 11, 1.021, 1000, 0, 3825000, 3568000, 979.55, 11.230, 1.021, 3658.96, small3
small3_lighttpd_c_120, lighttpd/1.4.33, 52.10.223.187, 3568, 12, 1.041, 1000, 0, 3825000, 3568000, 960.49, 12.494, 1.041, 3587.77, small3
small3_lighttpd_c_130, lighttpd/1.4.33, 52.10.223.187, 3568, 13, 1.013, 1000, 0, 3825000, 3568000, 987.20, 13.169, 1.013, 3687.55, small3
small3_lighttpd_c_140, lighttpd/1.4.33, 52.10.223.187, 3568, 14, 1.042, 1000, 0, 3825000, 3568000, 959.44, 14.592, 1.042, 3583.85, small3
small3_lighttpd_c_150, lighttpd/1.4.33, 52.10.223.187, 3568, 15, 0.926, 1000, 0, 3825000, 3568000, 1079.86, 13.891, 0.926, 4033.64, small3
small3_lighttpd_c_160, lighttpd/1.4.33, 52.10.223.187, 3568, 16, 0.851, 1000, 0, 3825000, 3568000, 1174.95, 13.618, 0.851, 4388.84, small3
small3_lighttpd_c_170, lighttpd/1.4.33, 52.10.223.187, 3568, 17, 0.878, 1000, 0, 3825000, 3568000, 1138.91, 14.927, 0.878, 4254.24, small3
small3_lighttpd_c_180, lighttpd/1.4.33, 52.10.223.187, 3568, 18, 0.761, 1000, 0, 3825000, 3568000, 1313.55, 13.703, 0.761, 4906.58, small3
small3_lighttpd_c_190, lighttpd/1.4.33, 52.10.223.187, 3568, 19, 0.764, 1000, 0, 3825000, 3568000, 1308.57, 14.520, 0.764, 4887.97, small3
small3_lighttpd_c_20, lighttpd/1.4.33, 52.10.223.187, 3568, 2, 1.152, 1000, 0, 3825000, 3568000, 867.95, 2.304, 1.152, 3242.10, small3
small3_lighttpd_c_200, lighttpd/1.4.33, 52.10.223.187, 3568, 20, 0.847, 1000, 0, 3825000, 3568000, 1180.80, 16.938, 0.847, 4410.72, small3
small3_lighttpd_c_210, lighttpd/1.4.33, 52.10.223.187, 3568, 21, 0.837, 1000, 0, 3825000, 3568000, 1195.29, 17.569, 0.837, 4464.81, small3
small3_lighttpd_c_220, lighttpd/1.4.33, 52.10.223.187, 3568, 22, 0.772, 1000, 0, 3825000, 3568000, 1295.34, 16.984, 0.772, 4838.56, small3
small3_lighttpd_c_230, lighttpd/1.4.33, 52.10.223.187, 3568, 23, 0.768, 1000, 0, 3825000, 3568000, 1301.58, 17.671, 0.768, 4861.87, small3
small3_lighttpd_c_240, lighttpd/1.4.33, 52.10.223.187, 3568, 24, 0.786, 1000, 0, 3825000, 3568000, 1273.00, 18.853, 0.786, 4755.10, small3
small3_lighttpd_c_250, lighttpd/1.4.33, 52.10.223.187, 3568, 25, 0.747, 1000, 0, 3825000, 3568000, 1338.96, 18.671, 0.747, 5001.47, small3
small3_lighttpd_c_260, lighttpd/1.4.33, 52.10.223.187, 3568, 26, 0.757, 1000, 0, 3825000, 3568000, 1321.24, 19.678, 0.757, 4935.31, small3
small3_lighttpd_c_270, lighttpd/1.4.33, 52.10.223.187, 3568, 27, 0.772, 1000, 0, 3825000, 3568000, 1295.63, 20.839, 0.772, 4839.62, small3
small3_lighttpd_c_280, lighttpd/1.4.33, 52.10.223.187, 3568, 28, 0.742, 1000, 0, 3825000, 3568000, 1347.07, 20.786, 0.742, 5031.77, small3
small3_lighttpd_c_290, lighttpd/1.4.33, 52.10.223.187, 3568, 29, 0.726, 1000, 0, 3825000, 3568000, 1377.41, 21.054, 0.726, 5145.13, small3
small3_lighttpd_c_30, lighttpd/1.4.33, 52.10.223.187, 3568, 3, 0.952, 1000, 0, 3825000, 3568000, 1050.08, 2.857, 0.952, 3922.42, small3
small3_lighttpd_c_300, lighttpd/1.4.33, 52.10.223.187, 3568, 30, 0.721, 1000, 0, 3825000, 3568000, 1387.56, 21.621, 0.721, 5183.01, small3
small3_lighttpd_c_310, lighttpd/1.4.33, 52.10.223.187, 3568, 31, 0.742, 1000, 0, 3825000, 3568000, 1348.41, 22.990, 0.742, 5036.78, small3
small3_lighttpd_c_320, lighttpd/1.4.33, 52.10.223.187, 3568, 32, 0.741, 1000, 0, 3825000, 3568000, 1350.00, 23.704, 0.741, 5042.74, small3
small3_lighttpd_c_330, lighttpd/1.4.33, 52.10.223.187, 3568, 33, 0.758, 1000, 0, 3825000, 3568000, 1319.77, 25.004, 0.758, 4929.82, small3
small3_lighttpd_c_340, lighttpd/1.4.33, 52.10.223.187, 3568, 34, 0.765, 1000, 0, 3825000, 3568000, 1307.90, 25.996, 0.765, 4885.47, small3
small3_lighttpd_c_350, lighttpd/1.4.33, 52.10.223.187, 3568, 35, 0.944, 1000, 0, 3825000, 3568000, 1059.32, 33.040, 0.944, 3956.95, small3
small3_lighttpd_c_360, lighttpd/1.4.33, 52.10.223.187, 3568, 36, 0.982, 1000, 0, 3825000, 3568000, 1018.15, 35.358, 0.982, 3803.16, small3
small3_lighttpd_c_370, lighttpd/1.4.33, 52.10.223.187, 3568, 37, 0.983, 1000, 0, 3825000, 3568000, 1017.51, 36.363, 0.983, 3800.77, small3
small3_lighttpd_c_380, lighttpd/1.4.33, 52.10.223.187, 3568, 38, 0.785, 1000, 0, 3825000, 3568000, 1273.88, 29.830, 0.785, 4758.39, small3
small3_lighttpd_c_390, lighttpd/1.4.33, 52.10.223.187, 3568, 39, 0.737, 1000, 0, 3825000, 3568000, 1357.23, 28.735, 0.737, 5069.72, small3
small3_lighttpd_c_40, lighttpd/1.4.33, 52.10.223.187, 3568, 4, 0.834, 1000, 0, 3825000, 3568000, 1198.63, 3.337, 0.834, 4477.30, small3
small3_lighttpd_c_400, lighttpd/1.4.33, 52.10.223.187, 3568, 40, 0.740, 1000, 0, 3825000, 3568000, 1352.00, 29.586, 0.740, 5050.20, small3
small3_lighttpd_c_410, lighttpd/1.4.33, 52.10.223.187, 3568, 41, 0.715, 1000, 0, 3825000, 3568000, 1398.91, 29.309, 0.715, 5225.42, small3
small3_lighttpd_c_420, lighttpd/1.4.33, 52.10.223.187, 3568, 42, 0.746, 1000, 0, 3825000, 3568000, 1341.21, 31.315, 0.746, 5009.87, small3
small3_lighttpd_c_430, lighttpd/1.4.33, 52.10.223.187, 3568, 43, 0.764, 1000, 0, 3825000, 3568000, 1308.38, 32.865, 0.764, 4887.27, small3
small3_lighttpd_c_440, lighttpd/1.4.33, 52.10.223.187, 3568, 44, 0.729, 1000, 0, 3825000, 3568000, 1372.55, 32.057, 0.729, 5126.97, small3
small3_lighttpd_c_450, lighttpd/1.4.33, 52.10.223.187, 3568, 45, 0.721, 1000, 0, 3825000, 3568000, 1386.42, 32.458, 0.721, 5178.77, small3
small3_lighttpd_c_460, lighttpd/1.4.33, 52.10.223.187, 3568, 46, 0.745, 1000, 0, 3825000, 3568000, 1342.93, 34.253, 0.745, 5016.31, small3
small3_lighttpd_c_470, lighttpd/1.4.33, 52.10.223.187, 3568, 47, 0.719, 1000, 0, 3825000, 3568000, 1391.37, 33.780, 0.719, 5197.26, small3
small3_lighttpd_c_480, lighttpd/1.4.33, 52.10.223.187, 3568, 48, 0.710, 1000, 0, 3825000, 3568000, 1408.35, 34.082, 0.710, 5260.69, small3
small3_lighttpd_c_490, lighttpd/1.4.33, 52.10.223.187, 3568, 49, 0.697, 1000, 0, 3825000, 3568000, 1434.38, 34.161, 0.697, 5357.91, small3
small3_lighttpd_c_50, lighttpd/1.4.33, 52.10.223.187, 3568, 5, 0.829, 1000, 0, 3825000, 3568000, 1206.50, 4.144, 0.829, 4506.71, small3
small3_lighttpd_c_500, lighttpd/1.4.33, 52.10.223.187, 3568, 50, 0.699, 1000, 0, 3825000, 3568000, 1431.05, 34.939, 0.699, 5345.46, small3
small3_lighttpd_c_510, lighttpd/1.4.33, 52.10.223.187, 3568, 51, 0.756, 1000, 0, 3825000, 3568000, 1323.61, 38.531, 0.756, 4944.13, small3
small3_lighttpd_c_520, lighttpd/1.4.33, 52.10.223.187, 3568, 52, 0.752, 1000, 0, 3825000, 3568000, 1329.88, 39.101, 0.752, 4967.55, small3
small3_lighttpd_c_530, lighttpd/1.4.33, 52.10.223.187, 3568, 53, 0.756, 1000, 0, 3825000, 3568000, 1322.92, 40.063, 0.756, 4941.58, small3
small3_lighttpd_c_540, lighttpd/1.4.33, 52.10.223.187, 3568, 54, 0.749, 1000, 0, 3825000, 3568000, 1335.98, 40.420, 0.749, 4990.37, small3
small3_lighttpd_c_550, lighttpd/1.4.33, 52.10.223.187, 3568, 55, 0.748, 1000, 0, 3825000, 3568000, 1337.57, 41.119, 0.748, 4996.31, small3
small3_lighttpd_c_560, lighttpd/1.4.33, 52.10.223.187, 3568, 56, 0.753, 1000, 0, 3825000, 3568000, 1327.38, 42.188, 0.753, 4958.24, small3
small3_lighttpd_c_570, lighttpd/1.4.33, 52.10.223.187, 3568, 57, 0.696, 1000, 0, 3825000, 3568000, 1436.69, 39.674, 0.696, 5366.56, small3
small3_lighttpd_c_580, lighttpd/1.4.33, 52.10.223.187, 3568, 58, 0.716, 1000, 0, 3825000, 3568000, 1396.97, 41.518, 0.716, 5218.18, small3
small3_lighttpd_c_590, lighttpd/1.4.33, 52.10.223.187, 3568, 59, 0.684, 1000, 0, 3825000, 3568000, 1461.78, 40.362, 0.684, 5460.25, small3
small3_lighttpd_c_60, lighttpd/1.4.33, 52.10.223.187, 3568, 6, 0.804, 1000, 0, 3825000, 3568000, 1243.90, 4.824, 0.804, 4646.39, small3
small3_lighttpd_c_600, lighttpd/1.4.33, 52.10.223.187, 3568, 60, 0.719, 1000, 0, 3825000, 3568000, 1391.62, 43.115, 0.719, 5198.20, small3
small3_lighttpd_c_610, lighttpd/1.4.33, 52.10.223.187, 3568, 61, 0.684, 1000, 0, 3825000, 3568000, 1462.30, 41.715, 0.684, 5462.21, small3
small3_lighttpd_c_620, lighttpd/1.4.33, 52.10.223.187, 3568, 62, 0.885, 1000, 0, 3825000, 3568000, 1129.82, 54.876, 0.885, 4220.26, small3
small3_lighttpd_c_630, lighttpd/1.4.33, 52.10.223.187, 3568, 63, 0.933, 1000, 0, 3825000, 3568000, 1072.35, 58.749, 0.933, 4005.61, small3
small3_lighttpd_c_640, lighttpd/1.4.33, 52.10.223.187, 3568, 64, 1.014, 1000, 0, 3825000, 3568000, 986.00, 64.909, 1.014, 3683.05, small3
small3_lighttpd_c_650, lighttpd/1.4.33, 52.10.223.187, 3568, 65, 0.955, 1000, 0, 3825000, 3568000, 1046.88, 62.089, 0.955, 3910.45, small3
small3_lighttpd_c_660, lighttpd/1.4.33, 52.10.223.187, 3568, 66, 0.927, 1000, 0, 3825000, 3568000, 1078.78, 61.180, 0.927, 4029.64, small3
small3_lighttpd_c_670, lighttpd/1.4.33, 52.10.223.187, 3568, 67, 0.971, 1000, 0, 3825000, 3568000, 1030.24, 65.034, 0.971, 3848.29, small3
small3_lighttpd_c_680, lighttpd/1.4.33, 52.10.223.187, 3568, 68, 0.958, 1000, 0, 3825000, 3568000, 1043.98, 65.135, 0.958, 3899.63, small3
small3_lighttpd_c_690, lighttpd/1.4.33, 52.10.223.187, 3568, 69, 0.966, 1000, 0, 3825000, 3568000, 1035.68, 66.623, 0.966, 3868.62, small3
small3_lighttpd_c_70, lighttpd/1.4.33, 52.10.223.187, 3568, 7, 0.798, 1000, 0, 3825000, 3568000, 1253.26, 5.585, 0.798, 4681.36, small3
small3_lighttpd_c_700, lighttpd/1.4.33, 52.10.223.187, 3568, 70, 0.759, 1000, 0, 3825000, 3568000, 1317.38, 53.136, 0.759, 4920.86, small3
small3_lighttpd_c_710, lighttpd/1.4.33, 52.10.223.187, 3568, 71, 0.757, 1000, 0, 3825000, 3568000, 1321.85, 53.713, 0.757, 4937.56, small3
small3_lighttpd_c_720, lighttpd/1.4.33, 52.10.223.187, 3568, 72, 0.740, 1000, 0, 3825000, 3568000, 1350.56, 53.311, 0.740, 5044.81, small3
small3_lighttpd_c_730, lighttpd/1.4.33, 52.10.223.187, 3568, 73, 0.863, 1000, 0, 3825000, 3568000, 1159.22, 62.973, 0.863, 4330.11, small3
small3_lighttpd_c_740, lighttpd/1.4.33, 52.10.223.187, 3568, 74, 0.927, 1000, 0, 3825000, 3568000, 1078.99, 68.583, 0.927, 4030.40, small3
small3_lighttpd_c_750, lighttpd/1.4.33, 52.10.223.187, 3568, 75, 0.917, 1000, 0, 3825000, 3568000, 1090.05, 68.804, 0.917, 4071.72, small3
small3_lighttpd_c_760, lighttpd/1.4.33, 52.10.223.187, 3568, 76, 0.909, 1000, 0, 3825000, 3568000, 1099.85, 69.100, 0.909, 4108.33, small3
small3_lighttpd_c_770, lighttpd/1.4.33, 52.10.223.187, 3568, 77, 0.671, 1000, 0, 3825000, 3568000, 1490.96, 51.645, 0.671, 5569.27, small3
small3_lighttpd_c_780, lighttpd/1.4.33, 52.10.223.187, 3568, 78, 0.679, 1000, 0, 3825000, 3568000, 1472.46, 52.973, 0.679, 5500.14, small3
small3_lighttpd_c_790, lighttpd/1.4.33, 52.10.223.187, 3568, 79, 0.696, 1000, 0, 3825000, 3568000, 1436.14, 55.009, 0.696, 5364.47, small3
small3_lighttpd_c_80, lighttpd/1.4.33, 52.10.223.187, 3568, 8, 0.766, 1000, 0, 3825000, 3568000, 1306.07, 6.125, 0.766, 4878.62, small3
small3_lighttpd_c_800, lighttpd/1.4.33, 52.10.223.187, 3568, 80, 0.701, 1000, 0, 3825000, 3568000, 1426.54, 56.080, 0.701, 5328.63, small3
small3_lighttpd_c_810, lighttpd/1.4.33, 52.10.223.187, 3568, 81, 0.688, 1000, 0, 3825000, 3568000, 1453.00, 55.747, 0.688, 5427.46, small3
small3_lighttpd_c_820, lighttpd/1.4.33, 52.10.223.187, 3568, 82, 0.678, 1000, 0, 3825000, 3568000, 1474.83, 55.600, 0.678, 5508.99, small3
small3_lighttpd_c_830, lighttpd/1.4.33, 52.10.223.187, 3568, 83, 0.738, 1000, 0, 3825000, 3568000, 1354.42, 61.281, 0.738, 5059.22, small3
small3_lighttpd_c_840, lighttpd/1.4.33, 52.10.223.187, 3568, 84, 0.929, 1000, 0, 3825000, 3568000, 1076.77, 78.011, 0.929, 4022.12, small3
small3_lighttpd_c_850, lighttpd/1.4.33, 52.10.223.187, 3568, 85, 0.947, 1000, 0, 3825000, 3568000, 1055.96, 80.495, 0.947, 3944.38, small3
small3_lighttpd_c_860, lighttpd/1.4.33, 52.10.223.187, 3568, 86, 0.893, 1000, 0, 3825000, 3568000, 1119.96, 76.788, 0.893, 4183.45, small3
small3_lighttpd_c_870, lighttpd/1.4.33, 52.10.223.187, 3568, 87, 0.880, 1000, 0, 3825000, 3568000, 1135.85, 76.594, 0.880, 4242.81, small3
small3_lighttpd_c_880, lighttpd/1.4.33, 52.10.223.187, 3568, 88, 0.675, 1000, 0, 3825000, 3568000, 1480.63, 59.434, 0.675, 5530.67, small3
small3_lighttpd_c_890, lighttpd/1.4.33, 52.10.223.187, 3568, 89, 0.740, 1000, 0, 3825000, 3568000, 1351.95, 65.831, 0.740, 5050.02, small3
small3_lighttpd_c_90, lighttpd/1.4.33, 52.10.223.187, 3568, 9, 0.757, 1000, 0, 3825000, 3568000, 1321.74, 6.809, 0.757, 4937.16, small3
small3_lighttpd_c_900, lighttpd/1.4.33, 52.10.223.187, 3568, 90, 0.692, 1000, 0, 3825000, 3568000, 1445.26, 62.272, 0.692, 5398.57, small3
small3_lighttpd_c_910, lighttpd/1.4.33, 52.10.223.187, 3568, 91, 0.702, 1000, 0, 3825000, 3568000, 1424.27, 63.892, 0.702, 5320.15, small3
small3_lighttpd_c_920, lighttpd/1.4.33, 52.10.223.187, 3568, 92, 0.689, 1000, 0, 3825000, 3568000, 1451.59, 63.379, 0.689, 5422.21, small3
small3_lighttpd_c_930, lighttpd/1.4.33, 52.10.223.187, 3568, 93, 0.826, 1000, 0, 3825000, 3568000, 1210.66, 76.818, 0.826, 4522.22, small3
small3_lighttpd_c_940, lighttpd/1.4.33, 52.10.223.187, 3568, 94, 0.950, 1000, 0, 3825000, 3568000, 1053.14, 89.257, 0.950, 3933.86, small3
small3_lighttpd_c_950, lighttpd/1.4.33, 52.10.223.187, 3568, 95, 0.836, 1000, 0, 3825000, 3568000, 1195.86, 79.441, 0.836, 4466.97, small3
small3_lighttpd_c_960, lighttpd/1.4.33, 52.10.223.187, 3568, 96, 0.773, 1000, 0, 3825000, 3568000, 1293.38, 74.224, 0.773, 4831.22, small3
small3_lighttpd_c_970, lighttpd/1.4.33, 52.10.223.187, 3568, 97, 0.752, 1000, 0, 3825000, 3568000, 1329.79, 72.944, 0.752, 4967.22, small3
small3_lighttpd_c_980, lighttpd/1.4.33, 52.10.223.187, 3568, 98, 0.737, 1000, 0, 3825000, 3568000, 1356.90, 72.223, 0.737, 5068.51, small3
small3_lighttpd_c_990, lighttpd/1.4.33, 52.10.223.187, 3568, 99, 0.775, 1000, 0, 3825000, 3568000, 1291.05, 76.682, 0.775, 4822.51, small3
small3_nginx_c_10, lighttpd/1.4.33, 52.10.223.187, 3568, 1, 1.800, 1000, 0, 3825000, 3568000, 555.63, 1.800, 1.800, 2075.48, small3
small3_nginx_c_100, lighttpd/1.4.33, 52.10.223.187, 3568, 10, 0.740, 1000, 0, 3825000, 3568000, 1352.05, 7.396, 0.740, 5050.38, small3
small3_nginx_c_1000, lighttpd/1.4.33, 52.10.223.187, 3568, 100, 0.730, 1000, 0, 3825000, 3568000, 1369.16, 73.038, 0.730, 5114.28, small3
small3_nginx_c_110, lighttpd/1.4.33, 52.10.223.187, 3568, 11, 0.741, 1000, 0, 3825000, 3568000, 1349.59, 8.151, 0.741, 5041.19, small3
small3_nginx_c_120, lighttpd/1.4.33, 52.10.223.187, 3568, 12, 0.780, 1000, 0, 3825000, 3568000, 1281.95, 9.361, 0.780, 4788.53, small3
small3_nginx_c_130, lighttpd/1.4.33, 52.10.223.187, 3568, 13, 0.977, 1000, 0, 3825000, 3568000, 1023.09, 12.707, 0.977, 3821.59, small3
small3_nginx_c_140, lighttpd/1.4.33, 52.10.223.187, 3568, 14, 0.741, 1000, 0, 3825000, 3568000, 1348.94, 10.379, 0.741, 5038.76, small3
small3_nginx_c_150, lighttpd/1.4.33, 52.10.223.187, 3568, 15, 0.713, 1000, 0, 3825000, 3568000, 1402.36, 10.696, 0.713, 5238.29, small3
small3_nginx_c_160, lighttpd/1.4.33, 52.10.223.187, 3568, 16, 0.720, 1000, 0, 3825000, 3568000, 1389.64, 11.514, 0.720, 5190.79, small3
small3_nginx_c_170, lighttpd/1.4.33, 52.10.223.187, 3568, 17, 0.745, 1000, 0, 3825000, 3568000, 1343.17, 12.657, 0.745, 5017.19, small3
small3_nginx_c_180, lighttpd/1.4.33, 52.10.223.187, 3568, 18, 0.866, 1000, 0, 3825000, 3568000, 1154.72, 15.588, 0.866, 4313.27, small3
small3_nginx_c_190, lighttpd/1.4.33, 52.10.223.187, 3568, 19, 0.801, 1000, 0, 3825000, 3568000, 1247.81, 15.227, 0.801, 4660.99, small3
small3_nginx_c_20, lighttpd/1.4.33, 52.10.223.187, 3568, 2, 1.162, 1000, 0, 3825000, 3568000, 860.35, 2.325, 1.162, 3213.73, small3
small3_nginx_c_200, lighttpd/1.4.33, 52.10.223.187, 3568, 20, 0.798, 1000, 0, 3825000, 3568000, 1252.73, 15.965, 0.798, 4679.40, small3
small3_nginx_c_210, lighttpd/1.4.33, 52.10.223.187, 3568, 21, 0.822, 1000, 0, 3825000, 3568000, 1216.50, 17.263, 0.822, 4544.05, small3
small3_nginx_c_220, lighttpd/1.4.33, 52.10.223.187, 3568, 22, 0.971, 1000, 0, 3825000, 3568000, 1029.40, 21.372, 0.971, 3845.18, small3
small3_nginx_c_230, lighttpd/1.4.33, 52.10.223.187, 3568, 23, 1.002, 1000, 0, 3825000, 3568000, 998.16, 23.042, 1.002, 3728.48, small3
small3_nginx_c_240, lighttpd/1.4.33, 52.10.223.187, 3568, 24, 0.974, 1000, 0, 3825000, 3568000, 1026.50, 23.380, 0.974, 3834.34, small3
small3_nginx_c_250, lighttpd/1.4.33, 52.10.223.187, 3568, 25, 0.984, 1000, 0, 3825000, 3568000, 1015.83, 24.610, 0.984, 3794.48, small3
small3_nginx_c_260, lighttpd/1.4.33, 52.10.223.187, 3568, 26, 0.969, 1000, 0, 3825000, 3568000, 1031.71, 25.201, 0.969, 3853.80, small3
small3_nginx_c_270, lighttpd/1.4.33, 52.10.223.187, 3568, 27, 0.743, 1000, 0, 3825000, 3568000, 1346.24, 20.056, 0.743, 5028.67, small3
small3_nginx_c_280, lighttpd/1.4.33, 52.10.223.187, 3568, 28, 0.747, 1000, 0, 3825000, 3568000, 1339.34, 20.906, 0.747, 5002.89, small3
small3_nginx_c_290, lighttpd/1.4.33, 52.10.223.187, 3568, 29, 0.768, 1000, 0, 3825000, 3568000, 1302.85, 22.259, 0.768, 4866.59, small3
small3_nginx_c_30, lighttpd/1.4.33, 52.10.223.187, 3568, 3, 0.882, 1000, 0, 3825000, 3568000, 1133.66, 2.646, 0.882, 4234.63, small3
small3_nginx_c_300, lighttpd/1.4.33, 52.10.223.187, 3568, 30, 0.766, 1000, 0, 3825000, 3568000, 1304.93, 22.990, 0.766, 4874.37, small3
small3_nginx_c_310, lighttpd/1.4.33, 52.10.223.187, 3568, 31, 0.759, 1000, 0, 3825000, 3568000, 1316.94, 23.539, 0.759, 4919.25, small3
small3_nginx_c_320, lighttpd/1.4.33, 52.10.223.187, 3568, 32, 0.760, 1000, 0, 3825000, 3568000, 1316.39, 24.309, 0.760, 4917.17, small3
small3_nginx_c_330, lighttpd/1.4.33, 52.10.223.187, 3568, 33, 0.807, 1000, 0, 3825000, 3568000, 1239.85, 26.616, 0.807, 4631.29, small3
small3_nginx_c_340, lighttpd/1.4.33, 52.10.223.187, 3568, 34, 0.834, 1000, 0, 3825000, 3568000, 1199.27, 28.351, 0.834, 4479.70, small3
small3_nginx_c_350, lighttpd/1.4.33, 52.10.223.187, 3568, 35, 0.789, 1000, 0, 3825000, 3568000, 1267.21, 27.620, 0.789, 4733.48, small3
small3_nginx_c_360, lighttpd/1.4.33, 52.10.223.187, 3568, 36, 0.768, 1000, 0, 3825000, 3568000, 1302.62, 27.637, 0.768, 4865.73, small3
small3_nginx_c_370, lighttpd/1.4.33, 52.10.223.187, 3568, 37, 0.758, 1000, 0, 3825000, 3568000, 1319.73, 28.036, 0.758, 4929.65, small3
small3_nginx_c_380, lighttpd/1.4.33, 52.10.223.187, 3568, 38, 0.742, 1000, 0, 3825000, 3568000, 1347.02, 28.211, 0.742, 5031.58, small3
small3_nginx_c_390, lighttpd/1.4.33, 52.10.223.187, 3568, 39, 0.740, 1000, 0, 3825000, 3568000, 1350.77, 28.872, 0.740, 5045.62, small3
small3_nginx_c_40, lighttpd/1.4.33, 52.10.223.187, 3568, 4, 0.800, 1000, 0, 3825000, 3568000, 1249.49, 3.201, 0.800, 4667.29, small3
small3_nginx_c_400, lighttpd/1.4.33, 52.10.223.187, 3568, 40, 0.737, 1000, 0, 3825000, 3568000, 1357.57, 29.464, 0.737, 5070.99, small3
small3_nginx_c_410, lighttpd/1.4.33, 52.10.223.187, 3568, 41, 0.732, 1000, 0, 3825000, 3568000, 1365.78, 30.019, 0.732, 5101.68, small3
small3_nginx_c_420, lighttpd/1.4.33, 52.10.223.187, 3568, 42, 0.736, 1000, 0, 3825000, 3568000, 1358.22, 30.923, 0.736, 5073.42, small3
small3_nginx_c_430, lighttpd/1.4.33, 52.10.223.187, 3568, 43, 0.739, 1000, 0, 3825000, 3568000, 1352.44, 31.794, 0.739, 5051.84, small3
small3_nginx_c_440, lighttpd/1.4.33, 52.10.223.187, 3568, 44, 0.733, 1000, 0, 3825000, 3568000, 1363.84, 32.262, 0.733, 5094.41, small3
small3_nginx_c_450, lighttpd/1.4.33, 52.10.223.187, 3568, 45, 0.743, 1000, 0, 3825000, 3568000, 1345.59, 33.443, 0.743, 5026.25, small3
small3_nginx_c_460, lighttpd/1.4.33, 52.10.223.187, 3568, 46, 0.769, 1000, 0, 3825000, 3568000, 1300.10, 35.382, 0.769, 4856.32, small3
small3_nginx_c_470, lighttpd/1.4.33, 52.10.223.187, 3568, 47, 0.750, 1000, 0, 3825000, 3568000, 1332.76, 35.265, 0.750, 4978.32, small3
small3_nginx_c_480, lighttpd/1.4.33, 52.10.223.187, 3568, 48, 0.746, 1000, 0, 3825000, 3568000, 1339.59, 35.832, 0.746, 5003.83, small3
small3_nginx_c_490, lighttpd/1.4.33, 52.10.223.187, 3568, 49, 0.707, 1000, 0, 3825000, 3568000, 1414.38, 34.644, 0.707, 5283.21, small3
small3_nginx_c_50, lighttpd/1.4.33, 52.10.223.187, 3568, 5, 0.759, 1000, 0, 3825000, 3568000, 1318.30, 3.793, 0.759, 4924.32, small3
small3_nginx_c_500, lighttpd/1.4.33, 52.10.223.187, 3568, 50, 0.691, 1000, 0, 3825000, 3568000, 1447.43, 34.544, 0.691, 5406.65, small3
small3_nginx_c_510, lighttpd/1.4.33, 52.10.223.187, 3568, 51, 0.675, 1000, 0, 3825000, 3568000, 1481.03, 34.436, 0.675, 5532.15, small3
small3_nginx_c_520, lighttpd/1.4.33, 52.10.223.187, 3568, 52, 0.682, 1000, 0, 3825000, 3568000, 1466.46, 35.460, 0.682, 5477.75, small3
small3_nginx_c_530, lighttpd/1.4.33, 52.10.223.187, 3568, 53, 0.681, 1000, 0, 3825000, 3568000, 1469.49, 36.067, 0.681, 5489.07, small3
small3_nginx_c_540, lighttpd/1.4.33, 52.10.223.187, 3568, 54, 0.690, 1000, 0, 3825000, 3568000, 1449.59, 37.252, 0.690, 5414.73, small3
small3_nginx_c_550, lighttpd/1.4.33, 52.10.223.187, 3568, 55, 0.693, 1000, 0, 3825000, 3568000, 1442.93, 38.117, 0.693, 5389.85, small3
small3_nginx_c_560, lighttpd/1.4.33, 52.10.223.187, 3568, 56, 0.689, 1000, 0, 3825000, 3568000, 1452.30, 38.560, 0.689, 5424.84, small3
small3_nginx_c_570, lighttpd/1.4.33, 52.10.223.187, 3568, 57, 0.692, 1000, 0, 3825000, 3568000, 1444.08, 39.471, 0.692, 5394.15, small3
small3_nginx_c_580, lighttpd/1.4.33, 52.10.223.187, 3568, 58, 0.699, 1000, 0, 3825000, 3568000, 1430.66, 40.541, 0.699, 5344.03, small3
small3_nginx_c_590, lighttpd/1.4.33, 52.10.223.187, 3568, 59, 0.697, 1000, 0, 3825000, 3568000, 1434.46, 41.130, 0.697, 5358.22, small3
small3_nginx_c_60, lighttpd/1.4.33, 52.10.223.187, 3568, 6, 0.806, 1000, 0, 3825000, 3568000, 1241.16, 4.834, 0.806, 4636.15, small3
small3_nginx_c_600, lighttpd/1.4.33, 52.10.223.187, 3568, 60, 0.727, 1000, 0, 3825000, 3568000, 1375.47, 43.621, 0.727, 5137.88, small3
small3_nginx_c_610, lighttpd/1.4.33, 52.10.223.187, 3568, 61, 0.690, 1000, 0, 3825000, 3568000, 1450.00, 42.069, 0.690, 5416.25, small3
small3_nginx_c_620, lighttpd/1.4.33, 52.10.223.187, 3568, 62, 0.690, 1000, 0, 3825000, 3568000, 1449.09, 42.786, 0.690, 5412.85, small3
small3_nginx_c_630, lighttpd/1.4.33, 52.10.223.187, 3568, 63, 0.696, 1000, 0, 3825000, 3568000, 1437.05, 43.840, 0.696, 5367.87, small3
small3_nginx_c_640, lighttpd/1.4.33, 52.10.223.187, 3568, 64, 0.687, 1000, 0, 3825000, 3568000, 1456.03, 43.955, 0.687, 5438.80, small3
small3_nginx_c_650, lighttpd/1.4.33, 52.10.223.187, 3568, 65, 0.693, 1000, 0, 3825000, 3568000, 1442.79, 45.052, 0.693, 5389.33, small3
small3_nginx_c_660, lighttpd/1.4.33, 52.10.223.187, 3568, 66, 0.684, 1000, 0, 3825000, 3568000, 1462.38, 45.132, 0.684, 5462.49, small3
small3_nginx_c_670, lighttpd/1.4.33, 52.10.223.187, 3568, 67, 0.668, 1000, 0, 3825000, 3568000, 1497.43, 44.743, 0.668, 5593.44, small3
small3_nginx_c_680, lighttpd/1.4.33, 52.10.223.187, 3568, 68, 0.753, 1000, 0, 3825000, 3568000, 1328.10, 51.201, 0.753, 4960.92, small3
small3_nginx_c_690, lighttpd/1.4.33, 52.10.223.187, 3568, 69, 0.787, 1000, 0, 3825000, 3568000, 1270.55, 54.307, 0.787, 4745.97, small3
small3_nginx_c_70, lighttpd/1.4.33, 52.10.223.187, 3568, 7, 0.776, 1000, 0, 3825000, 3568000, 1288.35, 5.433, 0.776, 4812.45, small3
small3_nginx_c_700, lighttpd/1.4.33, 52.10.223.187, 3568, 70, 0.728, 1000, 0, 3825000, 3568000, 1374.31, 50.935, 0.728, 5133.54, small3
small3_nginx_c_710, lighttpd/1.4.33, 52.10.223.187, 3568, 71, 0.719, 1000, 0, 3825000, 3568000, 1391.29, 51.032, 0.719, 5196.95, small3
small3_nginx_c_720, lighttpd/1.4.33, 52.10.223.187, 3568, 72, 0.698, 1000, 0, 3825000, 3568000, 1432.18, 50.273, 0.698, 5349.69, small3
small3_nginx_c_730, lighttpd/1.4.33, 52.10.223.187, 3568, 73, 0.713, 1000, 0, 3825000, 3568000, 1403.31, 52.020, 0.713, 5241.84, small3
small3_nginx_c_740, lighttpd/1.4.33, 52.10.223.187, 3568, 74, 0.712, 1000, 0, 3825000, 3568000, 1404.99, 52.669, 0.712, 5248.15, small3
small3_nginx_c_750, lighttpd/1.4.33, 52.10.223.187, 3568, 75, 0.708, 1000, 0, 3825000, 3568000, 1412.08, 53.113, 0.708, 5274.61, small3
small3_nginx_c_760, lighttpd/1.4.33, 52.10.223.187, 3568, 76, 0.708, 1000, 0, 3825000, 3568000, 1412.43, 53.808, 0.708, 5275.91, small3
small3_nginx_c_770, lighttpd/1.4.33, 52.10.223.187, 3568, 77, 0.701, 1000, 0, 3825000, 3568000, 1426.51, 53.978, 0.701, 5328.51, small3
small3_nginx_c_780, lighttpd/1.4.33, 52.10.223.187, 3568, 78, 0.699, 1000, 0, 3825000, 3568000, 1431.52, 54.488, 0.699, 5347.23, small3
small3_nginx_c_790, lighttpd/1.4.33, 52.10.223.187, 3568, 79, 0.704, 1000, 0, 3825000, 3568000, 1420.20, 55.626, 0.704, 5304.96, small3
small3_nginx_c_80, lighttpd/1.4.33, 52.10.223.187, 3568, 8, 0.764, 1000, 0, 3825000, 3568000, 1308.98, 6.112, 0.764, 4889.49, small3
small3_nginx_c_800, lighttpd/1.4.33, 52.10.223.187, 3568, 80, 0.703, 1000, 0, 3825000, 3568000, 1421.48, 56.279, 0.703, 5309.73, small3
small3_nginx_c_810, lighttpd/1.4.33, 52.10.223.187, 3568, 81, 0.709, 1000, 0, 3825000, 3568000, 1410.65, 57.420, 0.709, 5269.29, small3
small3_nginx_c_820, lighttpd/1.4.33, 52.10.223.187, 3568, 82, 0.707, 1000, 0, 3825000, 3568000, 1415.21, 57.942, 0.707, 5286.30, small3
small3_nginx_c_830, lighttpd/1.4.33, 52.10.223.187, 3568, 83, 0.705, 1000, 0, 3825000, 3568000, 1417.82, 58.540, 0.705, 5296.07, small3
small3_nginx_c_840, lighttpd/1.4.33, 52.10.223.187, 3568, 84, 0.675, 1000, 0, 3825000, 3568000, 1481.28, 56.708, 0.675, 5533.11, small3
small3_nginx_c_850, lighttpd/1.4.33, 52.10.223.187, 3568, 85, 0.684, 1000, 0, 3825000, 3568000, 1462.16, 58.133, 0.684, 5461.69, small3
small3_nginx_c_860, lighttpd/1.4.33, 52.10.223.187, 3568, 86, 0.679, 1000, 0, 3825000, 3568000, 1473.59, 58.361, 0.679, 5504.38, small3
small3_nginx_c_870, lighttpd/1.4.33, 52.10.223.187, 3568, 87, 0.682, 1000, 0, 3825000, 3568000, 1465.59, 59.362, 0.682, 5474.51, small3
small3_nginx_c_880, lighttpd/1.4.33, 52.10.223.187, 3568, 88, 0.700, 1000, 0, 3825000, 3568000, 1429.37, 61.566, 0.700, 5339.18, small3
small3_nginx_c_890, lighttpd/1.4.33, 52.10.223.187, 3568, 89, 0.714, 1000, 0, 3825000, 3568000, 1400.15, 63.565, 0.714, 5230.05, small3
small3_nginx_c_90, lighttpd/1.4.33, 52.10.223.187, 3568, 9, 0.747, 1000, 0, 3825000, 3568000, 1339.25, 6.720, 0.747, 5002.56, small3
small3_nginx_c_900, lighttpd/1.4.33, 52.10.223.187, 3568, 90, 0.716, 1000, 0, 3825000, 3568000, 1397.49, 64.401, 0.716, 5220.11, small3
small3_nginx_c_910, lighttpd/1.4.33, 52.10.223.187, 3568, 91, 0.689, 1000, 0, 3825000, 3568000, 1451.18, 62.707, 0.689, 5420.68, small3
small3_nginx_c_920, lighttpd/1.4.33, 52.10.223.187, 3568, 92, 0.695, 1000, 0, 3825000, 3568000, 1439.61, 63.906, 0.695, 5377.45, small3
small3_nginx_c_930, lighttpd/1.4.33, 52.10.223.187, 3568, 93, 0.860, 1000, 0, 3825000, 3568000, 1162.98, 79.967, 0.860, 4344.13, small3
small3_nginx_c_940, lighttpd/1.4.33, 52.10.223.187, 3568, 94, 0.709, 1000, 0, 3825000, 3568000, 1409.46, 66.692, 0.709, 5264.82, small3
small3_nginx_c_950, lighttpd/1.4.33, 52.10.223.187, 3568, 95, 0.686, 1000, 0, 3825000, 3568000, 1458.11, 65.153, 0.686, 5446.54, small3
small3_nginx_c_960, lighttpd/1.4.33, 52.10.223.187, 3568, 96, 0.817, 1000, 0, 3825000, 3568000, 1224.64, 78.390, 0.817, 4574.47, small3
small3_nginx_c_970, lighttpd/1.4.33, 52.10.223.187, 3568, 97, 0.843, 1000, 0, 3825000, 3568000, 1186.23, 81.772, 0.843, 4430.99, small3
small3_nginx_c_980, lighttpd/1.4.33, 52.10.223.187, 3568, 98, 0.750, 1000, 0, 3825000, 3568000, 1332.82, 73.528, 0.750, 4978.55, small3
small3_nginx_c_990, lighttpd/1.4.33, 52.10.223.187, 3568, 99, 0.733, 1000, 0, 3825000, 3568000, 1363.70, 72.597, 0.733, 5093.89, small3
